,Date,Open,High,Low,Close,Volume,Dividends,Stock Splits,Return (%)
0,2014-08-27 00:00:00-04:00,354.2699890136719,354.2699890136719,348.3900146484375,350.010009765625,439500,0.0,0.0,0.0
1,2014-08-28 00:00:00-04:00,348.92999267578125,351.4200134277344,346.4700012207031,346.9200134277344,401800,0.0,0.0,-0.8828308481691027
2,2014-08-29 00:00:00-04:00,349.1000061035156,350.739990234375,346.20001220703125,350.4599914550781,525500,0.0,0.0,1.0204017901322748
3,2014-09-02 00:00:00-04:00,367.0,369.30999755859375,359.2300109863281,359.5,1515800,0.0,0.0,2.5794694873410684
4,2014-09-03 00:00:00-04:00,362.2999877929688,364.55999755859375,359.8099975585937,361.8999938964844,602300,0.0,0.0,0.6675921826103881
5,2014-09-04 00:00:00-04:00,362.9599914550781,362.9800109863281,351.2300109863281,352.0799865722656,653000,0.0,0.0,-2.7134588255968817
6,2014-09-05 00:00:00-04:00,352.0199890136719,353.5599975585937,343.4700012207031,350.6600036621094,834900,0.0,0.0,-0.40331258927288616
7,2014-09-08 00:00:00-04:00,349.42999267578125,351.0,343.17999267578125,348.1000061035156,652000,0.0,0.0,-0.7300511982713975
8,2014-09-09 00:00:00-04:00,347.5,347.7699890136719,343.3999938964844,346.3900146484375,609900,0.0,0.0,-0.4912356866117462
9,2014-09-10 00:00:00-04:00,346.0799865722656,355.20001220703125,345.07000732421875,354.32000732421875,663600,0.0,0.0,2.2893248478394135
10,2014-09-11 00:00:00-04:00,352.6600036621094,353.1099853515625,347.010009765625,350.3399963378906,381100,0.0,0.0,-1.123281469873716
11,2014-09-12 00:00:00-04:00,349.4100036621094,349.8299865722656,344.04998779296875,346.0599975585937,573500,0.0,0.0,-1.221670041684031
12,2014-09-15 00:00:00-04:00,347.07000732421875,347.5,340.3900146484375,346.0299987792969,539400,0.0,0.0,-0.008668664251421099
13,2014-09-16 00:00:00-04:00,346.82000732421875,356.2099914550781,345.0,355.4700012207031,821400,0.0,0.0,2.728087875244367
14,2014-09-17 00:00:00-04:00,357.29998779296875,360.8900146484375,354.2900085449219,359.1000061035156,659700,0.0,0.0,1.0211845923275842
15,2014-09-18 00:00:00-04:00,359.8399963378906,362.8999938964844,357.25,362.739990234375,550300,0.0,0.0,1.0136407878005071
16,2014-09-19 00:00:00-04:00,365.5899963378906,365.5899963378906,357.2900085449219,358.9200134277344,2635000,0.0,0.0,-1.0530895157637388
17,2014-09-22 00:00:00-04:00,358.0,360.1700134277344,355.3800048828125,359.9200134277344,743900,0.0,0.0,0.2786136082103319
18,2014-09-23 00:00:00-04:00,357.4200134277344,361.2300109863281,355.3299865722656,357.2200012207031,953000,0.0,0.0,-0.7501700673206324
19,2014-09-24 00:00:00-04:00,357.2200012207031,365.3299865722656,357.0599975585937,364.4100036621094,639500,0.0,0.0,2.0127659192756164
20,2014-09-25 00:00:00-04:00,363.3500061035156,364.7099914550781,354.0,355.5400085449219,692100,0.0,0.0,-2.4340701484726557
21,2014-09-26 00:00:00-04:00,357.2300109863281,359.0,351.4800109863281,358.17999267578125,692500,0.0,0.0,0.7425280045595173
22,2014-09-29 00:00:00-04:00,355.0199890136719,358.1000061035156,351.54998779296875,354.9599914550781,357400,0.0,0.0,-0.8989896941613451
23,2014-09-30 00:00:00-04:00,355.7900085449219,361.7000122070313,353.1099853515625,360.5199890136719,1003900,0.0,0.0,1.5663730258167474
24,2014-10-01 00:00:00-04:00,363.9500122070313,363.9500122070313,352.9100036621094,355.6099853515625,668900,0.0,0.0,-1.3619227259887623
25,2014-10-02 00:00:00-04:00,355.7900085449219,358.25,353.04998779296875,353.69000244140625,666300,0.0,0.0,-0.5399125416172268
26,2014-10-03 00:00:00-04:00,355.5400085449219,362.4599914550781,355.5400085449219,361.6000061035156,758000,0.0,0.0,2.2364227452031926
27,2014-10-06 00:00:00-04:00,363.4800109863281,365.0,356.6000061035156,359.19000244140625,453000,0.0,0.0,-0.6664833023867445
28,2014-10-07 00:00:00-04:00,356.989990234375,359.67999267578125,353.1000061035156,354.2099914550781,591700,0.0,0.0,-1.386455901466943
29,2014-10-08 00:00:00-04:00,353.8299865722656,361.0700073242188,350.7900085449219,360.1499938964844,742100,0.0,0.0,1.676972017927847
30,2014-10-09 00:00:00-04:00,361.239990234375,361.260009765625,352.0,355.0400085449219,648900,0.0,0.0,-1.4188492123176966
31,2014-10-10 00:00:00-04:00,353.3800048828125,357.75,343.2799987792969,343.510009765625,753400,0.0,0.0,-3.2475209840577834
32,2014-10-13 00:00:00-04:00,341.8900146484375,344.9800109863281,330.8900146484375,332.1000061035156,869100,0.0,0.0,-3.321592773932369
33,2014-10-14 00:00:00-04:00,334.0899963378906,335.6600036621094,323.79998779296875,328.07000732421875,1155200,0.0,0.0,-1.213489522803779
34,2014-10-15 00:00:00-04:00,324.0,337.0299987792969,320.0599975585937,334.75,1238100,0.0,0.0,2.0361485434965854
35,2014-10-16 00:00:00-04:00,326.5,344.4800109863281,326.0899963378906,340.7099914550781,937800,0.0,0.0,1.7804306064460373
36,2014-10-17 00:00:00-04:00,366.989990234375,376.8800048828125,362.0199890136719,369.6400146484375,2470800,0.0,0.0,8.491099151453474
37,2014-10-20 00:00:00-04:00,367.7900085449219,369.0,360.1000061035156,366.1300048828125,1147200,0.0,0.0,-0.9495751613805559
38,2014-10-21 00:00:00-04:00,370.6400146484375,381.0299987792969,366.1400146484375,381.010009765625,1051200,0.0,0.0,4.06413150639624
39,2014-10-22 00:00:00-04:00,380.05999755859375,384.8500061035156,373.3399963378906,384.4599914550781,1025700,0.0,0.0,0.9054832159331783
40,2014-10-23 00:00:00-04:00,387.0,397.3500061035156,386.5,393.9599914550781,870300,0.0,0.0,2.4709983382263045
41,2014-10-24 00:00:00-04:00,396.0,404.6000061035156,393.2099914550781,402.5,822400,0.0,0.0,2.167734980747582
42,2014-10-27 00:00:00-04:00,402.1000061035156,407.8800048828125,397.5,407.1600036621094,559900,0.0,0.0,1.1577648849961264
43,2014-10-28 00:00:00-04:00,408.3500061035156,410.1799926757813,397.1199951171875,397.8900146484375,1028200,0.0,0.0,-2.2767435235030553
44,2014-10-29 00:00:00-04:00,397.0,397.8900146484375,385.0199890136719,387.7000122070313,1055400,0.0,0.0,-2.5610098434889705
45,2014-10-30 00:00:00-04:00,386.2900085449219,394.6499938964844,386.2699890136719,392.7999877929688,709200,0.0,0.0,1.3154437517051587
46,2014-10-31 00:00:00-04:00,400.1499938964844,400.8699951171875,391.2000122070313,393.7200012207031,663100,0.0,0.0,0.23421931169183008
47,2014-11-03 00:00:00-05:00,395.2699890136719,397.9800109863281,389.1199951171875,395.260009765625,854600,0.0,0.0,0.39114308141501297
48,2014-11-04 00:00:00-05:00,372.1199951171875,384.4299926757813,368.4500122070313,372.3900146484375,1848700,0.0,0.0,-5.7860634903967645
49,2014-11-05 00:00:00-05:00,375.1600036621094,377.989990234375,365.25,368.510009765625,888400,0.0,0.0,-1.041919689086046
50,2014-11-06 00:00:00-05:00,371.010009765625,377.4500122070313,367.7799987792969,376.9400024414063,699200,0.0,0.0,2.287588519275996
51,2014-11-07 00:00:00-05:00,378.239990234375,381.0,374.6799926757813,377.8399963378906,622200,0.0,0.0,0.2387631693784531
52,2014-11-10 00:00:00-05:00,379.5,386.8599853515625,376.5400085449219,385.9700012207031,541100,0.0,0.0,2.1517057383046545
53,2014-11-11 00:00:00-05:00,390.0899963378906,400.0,387.1900024414063,398.3599853515625,1156800,0.0,0.0,3.21008992711187
54,2014-11-12 00:00:00-05:00,396.2000122070313,402.0499877929688,395.80999755859375,401.1099853515625,623400,0.0,0.0,0.690330379837989
55,2014-11-13 00:00:00-05:00,400.0,402.7999877929688,395.1000061035156,402.6300048828125,703700,0.0,0.0,0.37895330127912796
56,2014-11-14 00:00:00-05:00,402.4200134277344,402.8699951171875,392.30999755859375,395.2000122070313,789900,0.0,0.0,-1.8453648723829486
57,2014-11-17 00:00:00-05:00,396.0299987792969,408.2900085449219,395.2000122070313,399.6499938964844,887700,0.0,0.0,1.1260074777330376
58,2014-11-18 00:00:00-05:00,399.989990234375,414.6700134277344,399.1799926757813,413.2200012207031,977700,0.0,0.0,3.3954729216719493
59,2014-11-19 00:00:00-05:00,411.3599853515625,419.2699890136719,408.3599853515625,415.25,631100,0.0,0.0,0.4912634367407298
60,2014-11-20 00:00:00-05:00,413.2099914550781,417.8599853515625,405.9599914550781,406.0,645900,0.0,0.0,-2.227573750752554
61,2014-11-21 00:00:00-05:00,415.2699890136719,416.0,403.2900085449219,405.25,890700,0.0,0.0,-0.1847290640394128
62,2014-11-24 00:00:00-05:00,405.6600036621094,411.9700012207031,405.2799987792969,409.75,655800,0.0,0.0,1.1104256631708775
63,2014-11-25 00:00:00-05:00,416.3699951171875,416.489990234375,408.4800109863281,413.0,818600,0.0,0.0,0.7931665649786535
64,2014-11-26 00:00:00-05:00,413.9299926757813,415.9500122070313,412.0799865722656,415.8399963378906,443700,0.0,0.0,0.6876504450098464
65,2014-11-28 00:00:00-05:00,416.0,418.0,414.5400085449219,416.1099853515625,336900,0.0,0.0,0.06492617738782513
66,2014-12-01 00:00:00-05:00,413.9800109863281,414.7999877929688,407.989990234375,408.7200012207031,638900,0.0,0.0,-1.7759689483576646
67,2014-12-02 00:00:00-05:00,411.0,422.8200073242188,409.8999938964844,421.239990234375,687000,0.0,0.0,3.063219068379097
68,2014-12-03 00:00:00-05:00,422.2200012207031,425.2799987792969,415.5199890136719,424.4100036621094,488700,0.0,0.0,0.7525433247614011
69,2014-12-04 00:00:00-05:00,423.4299926757813,427.7799987792969,420.739990234375,423.2099914550781,657300,0.0,0.0,-0.28274833219685824
70,2014-12-05 00:00:00-05:00,424.7699890136719,424.989990234375,420.8599853515625,423.2300109863281,453300,0.0,0.0,0.0047304013738314055
71,2014-12-08 00:00:00-05:00,423.3999938964844,437.6400146484375,421.8299865722656,434.9500122070313,579800,0.0,0.0,2.769180095095325
72,2014-12-09 00:00:00-05:00,428.2699890136719,436.0799865722656,425.4200134277344,432.6700134277344,860800,0.0,0.0,-0.5241978883338105
73,2014-12-10 00:00:00-05:00,433.1499938964844,435.7799987792969,421.260009765625,422.9299926757813,568900,0.0,0.0,-2.25114300729784
74,2014-12-11 00:00:00-05:00,425.6900024414063,432.2200012207031,423.5199890136719,424.3500061035156,501000,0.0,0.0,0.33575614222822736
75,2014-12-12 00:00:00-05:00,420.1799926757813,427.1000061035156,416.0,416.4400024414063,575700,0.0,0.0,-1.8640281721074792
76,2014-12-15 00:00:00-05:00,419.9500122070313,421.8900146484375,397.8200073242188,401.010009765625,1026100,0.0,0.0,-3.7052138568153814
77,2014-12-16 00:00:00-05:00,394.739990234375,411.1600036621094,388.1600036621094,396.1300048828125,927500,0.0,0.0,-1.2169284466651331
78,2014-12-17 00:00:00-05:00,398.3999938964844,411.5700073242188,396.1300048828125,410.989990234375,668800,0.0,0.0,3.7512900230717294
79,2014-12-18 00:00:00-05:00,415.489990234375,424.4400024414063,412.3999938964844,423.7900085449219,733800,0.0,0.0,3.114435537285809
80,2014-12-19 00:00:00-05:00,423.1300048828125,432.4599914550781,420.5299987792969,427.6400146484375,1386900,0.0,0.0,0.9084702390069532
81,2014-12-22 00:00:00-05:00,421.0,422.7999877929688,410.1499938964844,412.9700012207031,857400,0.0,0.0,-3.430458545792203
82,2014-12-23 00:00:00-05:00,410.3800048828125,410.9599914550781,383.8699951171875,394.0499877929688,2133900,0.0,0.0,-4.581449832144813
83,2014-12-24 00:00:00-05:00,392.6000061035156,404.5,392.1400146484375,400.1199951171875,641600,0.0,0.0,1.540415559512165
84,2014-12-26 00:00:00-05:00,403.4500122070313,414.8399963378906,402.1199951171875,413.4800109863281,722500,0.0,0.0,3.3390023073522457
85,2014-12-29 00:00:00-05:00,412.8200073242188,414.9599914550781,405.3599853515625,413.8699951171875,652500,0.0,0.0,0.09431752938409144
86,2014-12-30 00:00:00-05:00,413.6300048828125,416.9800109863281,406.510009765625,408.3399963378906,464700,0.0,0.0,-1.336168082861633
87,2014-12-31 00:00:00-05:00,410.5700073242188,416.989990234375,408.5700073242188,410.25,759900,0.0,0.0,0.46774836637086814
88,2015-01-02 00:00:00-05:00,413.8999938964844,419.1499938964844,407.5,410.1600036621094,765900,0.0,0.0,-0.021936950125689414
89,2015-01-05 00:00:00-05:00,414.260009765625,419.4100036621094,409.0400085449219,412.4700012207031,882800,0.0,0.0,0.5631942505287979
90,2015-01-06 00:00:00-05:00,414.3900146484375,420.75,396.5499877929688,396.8900146484375,1262400,0.0,0.0,-3.7772411390299188
91,2015-01-07 00:00:00-05:00,402.7900085449219,408.6799926757813,398.5,407.7200012207031,880600,0.0,0.0,2.728712281123724
92,2015-01-08 00:00:00-05:00,411.5700073242188,412.989990234375,401.1600036621094,403.25,1184500,0.0,0.0,-1.0963409220347442
93,2015-01-09 00:00:00-05:00,409.7799987792969,419.1900024414063,404.1600036621094,411.0400085449219,1207600,0.0,0.0,1.9318062107679834
94,2015-01-12 00:00:00-05:00,414.0199890136719,419.4400024414063,409.5,413.3299865722656,664500,0.0,0.0,0.5571180371103601
95,2015-01-13 00:00:00-05:00,417.7300109863281,425.489990234375,402.5199890136719,406.489990234375,1438200,0.0,0.0,-1.6548512230178392
96,2015-01-14 00:00:00-05:00,403.1199951171875,408.5199890136719,401.4200134277344,404.30999755859375,968600,0.0,0.0,-0.5362967669940155
97,2015-01-15 00:00:00-05:00,405.4800109863281,407.2200012207031,395.55999755859375,397.1199951171875,982900,0.0,0.0,-1.7783390182836811
98,2015-01-16 00:00:00-05:00,398.1799926757813,409.7000122070313,395.6600036621094,408.6900024414063,1036700,0.0,0.0,2.9134789148062445
99,2015-01-20 00:00:00-05:00,410.7799987792969,422.5299987792969,405.1499938964844,421.1099853515625,803000,0.0,0.0,3.0389739988652797
100,2015-01-21 00:00:00-05:00,418.1499938964844,423.9100036621094,412.010009765625,418.1099853515625,687400,0.0,0.0,-0.712402959881242
101,2015-01-22 00:00:00-05:00,418.9700012207031,421.2900085449219,406.5,420.80999755859375,589500,0.0,0.0,0.6457660189007397
102,2015-01-23 00:00:00-05:00,421.05999755859375,422.9100036621094,414.5899963378906,420.2099914550781,387600,0.0,0.0,-0.1425836142194048
103,2015-01-26 00:00:00-05:00,419.9100036621094,427.4500122070313,417.010009765625,423.7699890136719,453600,0.0,0.0,0.8471948861250134
104,2015-01-27 00:00:00-05:00,417.2300109863281,422.0700073242188,413.6499938964844,415.739990234375,704800,0.0,0.0,-1.894895577194311
105,2015-01-28 00:00:00-05:00,417.6400146484375,420.6000061035156,407.5,408.0,641000,0.0,0.0,-1.8617382056538623
106,2015-01-29 00:00:00-05:00,408.6799926757813,415.5,401.1700134277344,414.6400146484375,583500,0.0,0.0,1.6274545706954635
107,2015-01-30 00:00:00-05:00,410.8800048828125,424.739990234375,410.6000061035156,416.6600036621094,1060000,0.0,0.0,0.48716692608274936
108,2015-02-02 00:00:00-05:00,419.7900085449219,420.989990234375,407.6400146484375,413.0899963378906,637700,0.0,0.0,-0.856815459329241
109,2015-02-03 00:00:00-05:00,416.5199890136719,416.5199890136719,398.7099914550781,409.2000122070313,933100,0.0,0.0,-0.9416795771731712
110,2015-02-04 00:00:00-05:00,400.4700012207031,407.8900146484375,393.0,401.3599853515625,1195100,0.0,0.0,-1.9159400346015154
111,2015-02-05 00:00:00-05:00,403.5499877929688,415.4700012207031,403.1700134277344,413.8699951171875,760300,0.0,0.0,3.1169050782845487
112,2015-02-06 00:00:00-05:00,413.4700012207031,414.4700012207031,405.260009765625,406.8599853515625,625600,0.0,0.0,-1.6937709542437673
113,2015-02-09 00:00:00-05:00,407.5499877929688,409.1499938964844,397.7000122070313,399.7200012207031,1023800,0.0,0.0,-1.7548995693665526
114,2015-02-10 00:00:00-05:00,402.6499938964844,407.760009765625,394.010009765625,400.7099914550781,1580900,0.0,0.0,0.24767092748716468
115,2015-02-11 00:00:00-05:00,399.5,406.8999938964844,398.80999755859375,398.989990234375,690500,0.0,0.0,-0.42923841615662983
116,2015-02-12 00:00:00-05:00,401.0,405.2000122070313,396.6199951171875,401.739990234375,660900,0.0,0.0,0.6892403487076537
117,2015-02-13 00:00:00-05:00,404.5400085449219,406.5,397.6000061035156,402.3999938964844,802700,0.0,0.0,0.1642862742452733
118,2015-02-17 00:00:00-05:00,402.0,406.5,400.75,404.1799926757813,731100,0.0,0.0,0.44234562780705033
119,2015-02-18 00:00:00-05:00,404.4800109863281,408.4100036621094,400.510009765625,405.7999877929688,478700,0.0,0.0,0.4008103188044343
120,2015-02-19 00:00:00-05:00,408.5,428.4700012207031,407.489990234375,426.6000061035156,1451000,0.0,0.0,5.125682340128246
121,2015-02-20 00:00:00-05:00,425.0,428.2300109863281,421.1600036621094,423.7799987792969,886600,0.0,0.0,-0.661042495047337
122,2015-02-23 00:00:00-05:00,423.9200134277344,432.3800048828125,423.5,425.1099853515625,865500,0.0,0.0,0.31383892021725757
123,2015-02-24 00:00:00-05:00,426.3599853515625,426.5499877929688,415.7699890136719,420.6400146484375,723400,0.0,0.0,-1.0514856995015975
124,2015-02-25 00:00:00-05:00,420.1600036621094,427.0,417.0,423.0400085449219,764700,0.0,0.0,0.5705576770888676
125,2015-02-26 00:00:00-05:00,425.0,427.9299926757813,416.2000122070313,419.8699951171875,690400,0.0,0.0,-0.7493412830237633
126,2015-02-27 00:00:00-05:00,421.0400085449219,421.0700073242188,411.0400085449219,413.8399963378906,811000,0.0,0.0,-1.4361585370285535
127,2015-03-02 00:00:00-05:00,416.2799987792969,419.6000061035156,414.1700134277344,418.4400024414063,613400,0.0,0.0,1.1115421767401878
128,2015-03-03 00:00:00-05:00,418.5799865722656,418.8200073242188,406.8500061035156,412.510009765625,586600,0.0,0.0,-1.4171667721017411
129,2015-03-04 00:00:00-05:00,409.1700134277344,415.8800048828125,408.2099914550781,413.0400085449219,590500,0.0,0.0,0.12848143481367647
130,2015-03-05 00:00:00-05:00,414.9299926757813,430.6700134277344,414.2099914550781,428.9500122070313,1165800,0.0,0.0,3.851927981058778
131,2015-03-06 00:00:00-05:00,428.6700134277344,431.6900024414063,421.1499938964844,422.1300048828125,744600,0.0,0.0,-1.5899305583717216
132,2015-03-09 00:00:00-04:00,424.4400024414063,430.989990234375,420.1499938964844,426.8699951171875,703000,0.0,0.0,1.1228745124836292
133,2015-03-10 00:00:00-04:00,424.0,427.80999755859375,420.7799987792969,422.8399963378906,693100,0.0,0.0,-0.9440810610711892
134,2015-03-11 00:00:00-04:00,425.7799987792969,429.8699951171875,424.0299987792969,424.5499877929688,730800,0.0,0.0,0.40440626948443636
135,2015-03-12 00:00:00-04:00,427.3900146484375,427.4400024414063,422.2099914550781,425.1600036621094,541200,0.0,0.0,0.1436852871700145
136,2015-03-13 00:00:00-04:00,425.0,435.0,424.5,429.3800048828125,807900,0.0,0.0,0.9925677825652013
137,2015-03-16 00:00:00-04:00,436.55999755859375,452.3599853515625,436.55999755859375,451.7699890136719,1608700,0.0,0.0,5.214491563707102
138,2015-03-17 00:00:00-04:00,450.0199890136719,468.5,447.3200073242188,467.7999877929688,1705400,0.0,0.0,3.548265526511507
139,2015-03-18 00:00:00-04:00,465.0799865722656,475.9500122070313,461.3200073242188,472.1099853515625,996100,0.0,0.0,0.9213334055282463
140,2015-03-19 00:00:00-04:00,475.0899963378906,486.6300048828125,472.4500122070313,486.0199890136719,1142400,0.0,0.0,2.946348116689612
141,2015-03-20 00:00:00-04:00,493.3200073242188,495.5,476.260009765625,488.8699951171875,1582200,0.0,0.0,0.5863968906504091
142,2015-03-23 00:00:00-04:00,480.8299865722656,481.8800048828125,471.1099853515625,478.3200073242188,1072600,0.0,0.0,-2.1580354487576447
143,2015-03-24 00:00:00-04:00,478.3599853515625,482.9800109863281,473.1199951171875,473.739990234375,839700,0.0,0.0,-0.9575215378225477
144,2015-03-25 00:00:00-04:00,474.4800109863281,478.739990234375,452.010009765625,453.989990234375,1415800,0.0,0.0,-4.168953520311636
145,2015-03-26 00:00:00-04:00,448.0,457.7200012207031,441.8699951171875,448.3800048828125,1132900,0.0,0.0,-1.2357068376477431
146,2015-03-27 00:00:00-04:00,449.4800109863281,460.1199951171875,448.0400085449219,454.5,855900,0.0,0.0,1.3649125854278354
147,2015-03-30 00:00:00-04:00,459.0499877929688,462.5899963378906,453.1099853515625,459.7799987792969,640600,0.0,0.0,1.1617159030356206
148,2015-03-31 00:00:00-04:00,456.2300109863281,464.5199890136719,450.0199890136719,451.4800109863281,884200,0.0,0.0,-1.805208537780023
149,2015-04-01 00:00:00-04:00,450.0,450.0,433.4700012207031,441.1799926757813,1501000,0.0,0.0,-2.281389665080591
150,2015-04-02 00:00:00-04:00,443.1799926757813,444.7900085449219,434.4299926757813,438.2699890136719,797800,0.0,0.0,-0.6595955642639373
151,2015-04-06 00:00:00-04:00,434.25,445.75,434.010009765625,440.2300109863281,631800,0.0,0.0,0.447217929995003
152,2015-04-07 00:00:00-04:00,440.1900024414063,454.2000122070313,440.1900024414063,441.6499938964844,507300,0.0,0.0,0.322554772441519
153,2015-04-08 00:00:00-04:00,444.3699951171875,458.9400024414063,440.0499877929688,453.1900024414063,563000,0.0,0.0,2.6129307606481467
154,2015-04-09 00:00:00-04:00,452.3299865722656,458.4400024414063,449.510009765625,455.0400085449219,465100,0.0,0.0,0.40821864859095225
155,2015-04-10 00:00:00-04:00,456.6300048828125,463.4700012207031,454.4200134277344,461.3900146484375,587600,0.0,0.0,1.3954830310022537
156,2015-04-13 00:00:00-04:00,460.9400024414063,469.8999938964844,456.5700073242188,456.9800109863281,479300,0.0,0.0,-0.9558082147637315
157,2015-04-14 00:00:00-04:00,455.9400024414063,458.8599853515625,449.0199890136719,455.0700073242188,443700,0.0,0.0,-0.4179621900719077
158,2015-04-15 00:00:00-04:00,457.0,457.0,445.010009765625,453.8900146484375,616400,0.0,0.0,-0.2592991532708533
159,2015-04-16 00:00:00-04:00,454.5499877929688,458.2999877929688,452.9700012207031,457.4200134277344,603700,0.0,0.0,0.7777211803240647
160,2015-04-17 00:00:00-04:00,451.5799865722656,455.7799987792969,442.6000061035156,447.5199890136719,677000,0.0,0.0,-2.1643181591193272
161,2015-04-20 00:00:00-04:00,449.8200073242188,455.8800048828125,445.3900146484375,452.4200134277344,346600,0.0,0.0,1.0949286142194703
162,2015-04-21 00:00:00-04:00,454.75,463.7300109863281,450.0199890136719,463.2200012207031,1177500,0.0,0.0,2.387159602234057
163,2015-04-22 00:00:00-04:00,464.9200134277344,477.1000061035156,463.8399963378906,472.6300048828125,977700,0.0,0.0,2.0314329340942905
164,2015-04-23 00:00:00-04:00,478.0,482.0,475.0700073242188,480.0799865722656,1070600,0.0,0.0,1.5762819991296029
165,2015-04-24 00:00:00-04:00,479.1600036621094,486.0,475.0199890136719,480.0899963378906,909000,0.0,0.0,0.0020850203934719147
166,2015-04-27 00:00:00-04:00,483.6099853515625,485.75,467.2000122070313,473.4800109863281,1112700,0.0,0.0,-1.3768221379289791
167,2015-04-28 00:00:00-04:00,474.5299987792969,477.5499877929688,459.0,466.3399963378906,909600,0.0,0.0,-1.5079865005417692
168,2015-04-29 00:00:00-04:00,463.8699951171875,473.5899963378906,461.1099853515625,469.7000122070313,808100,0.0,0.0,0.7205077616173838
169,2015-04-30 00:00:00-04:00,467.2799987792969,471.2200012207031,451.5899963378906,457.4599914550781,683200,0.0,0.0,-2.6059230218963947
170,2015-05-01 00:00:00-04:00,463.0199890136719,474.9700012207031,462.4500122070313,471.1600036621094,710800,0.0,0.0,2.9948000837088706
171,2015-05-04 00:00:00-04:00,473.4500122070313,477.7300109863281,470.5400085449219,474.1700134277344,592100,0.0,0.0,0.6388508664210812
172,2015-05-05 00:00:00-04:00,472.1600036621094,473.1000061035156,462.2900085449219,465.5,552700,0.0,0.0,-1.8284609279822672
173,2015-05-06 00:00:00-04:00,469.1600036621094,478.0,465.80999755859375,470.010009765625,844700,0.0,0.0,0.9688527960526327
174,2015-05-07 00:00:00-04:00,480.010009765625,482.989990234375,462.0,468.6199951171875,1340400,0.0,0.0,-0.29574149902268365
175,2015-05-08 00:00:00-04:00,470.0,484.8500061035156,470.0,481.2900085449219,1415200,0.0,0.0,2.703686048344145
176,2015-05-11 00:00:00-04:00,484.260009765625,488.0,476.6199951171875,477.55999755859375,640800,0.0,0.0,-0.7750027883614341
177,2015-05-12 00:00:00-04:00,474.989990234375,480.9500122070313,465.260009765625,479.3999938964844,680800,0.0,0.0,0.3852911356263311
178,2015-05-13 00:00:00-04:00,479.6700134277344,480.2699890136719,473.0,477.4599914550781,609800,0.0,0.0,-0.40467302171579567
179,2015-05-14 00:00:00-04:00,481.6600036621094,492.2200012207031,474.0,491.4299926757813,787700,0.0,0.0,2.925899859824699
180,2015-05-15 00:00:00-04:00,495.0,498.489990234375,486.2300109863281,489.010009765625,466800,0.0,0.0,-0.4924369587171018
181,2015-05-18 00:00:00-04:00,488.010009765625,500.3599853515625,487.80999755859375,496.739990234375,707200,0.0,0.0,1.5807407444389243
182,2015-05-19 00:00:00-04:00,495.510009765625,506.25,493.30999755859375,504.1499938964844,710800,0.0,0.0,1.4917268204263534
183,2015-05-20 00:00:00-04:00,507.5,516.8099975585938,503.4200134277344,512.77001953125,822500,0.0,0.0,1.7098136941633202
184,2015-05-21 00:00:00-04:00,513.0900268554688,518.2000122070312,510.2000122070313,516.0,864100,0.0,0.0,0.6299082133746303
185,2015-05-22 00:00:00-04:00,513.739990234375,519.4600219726562,513.5,513.8800048828125,771400,0.0,0.0,-0.4108517668968026
186,2015-05-26 00:00:00-04:00,511.7999877929688,514.4500122070312,503.1600036621094,506.6300048828125,774100,0.0,0.0,-1.410835201041405
187,2015-05-27 00:00:00-04:00,509.0499877929688,515.7999877929688,505.5499877929688,515.3699951171875,625700,0.0,0.0,1.7251229003691915
188,2015-05-28 00:00:00-04:00,512.1099853515625,514.3200073242188,509.4599914550781,512.1199951171875,702500,0.0,0.0,-0.630614904009108
189,2015-05-29 00:00:00-04:00,509.510009765625,517.1799926757812,509.4500122070313,512.5599975585938,763500,0.0,0.0,0.08591784066263042
190,2015-06-01 00:00:00-04:00,517.0800170898438,517.0800170898438,505.1199951171875,513.8099975585938,551200,0.0,0.0,0.24387388909667962
191,2015-06-02 00:00:00-04:00,511.25,512.9500122070312,505.25,508.8999938964844,641600,0.0,0.0,-0.9556068751950364
192,2015-06-03 00:00:00-04:00,509.6400146484375,514.9099731445312,508.7799987792969,514.219970703125,627900,0.0,0.0,1.045387476998627
193,2015-06-04 00:00:00-04:00,510.8399963378906,519.7999877929688,510.1900024414063,518.6199951171875,816700,0.0,0.0,0.8556696870497094
194,2015-06-05 00:00:00-04:00,519.4000244140625,539.7999877929688,516.8499755859375,539.4000244140625,1205600,0.0,0.0,4.006792929798153
195,2015-06-08 00:00:00-04:00,540.97998046875,544.0,525.5599975585938,526.0900268554688,1025900,0.0,0.0,-2.467555980007985
196,2015-06-09 00:00:00-04:00,526.0900268554688,526.0900268554688,526.0900268554688,526.0900268554688,12100,0.0,0.0,0.0
197,2015-06-10 00:00:00-04:00,505.7300109863281,513.72998046875,498.6000061035156,512.3200073242188,1810900,0.0,0.0,-2.6174264533307734
198,2015-06-11 00:00:00-04:00,513.2899780273438,514.8499755859375,499.8999938964844,501.1000061035156,1115600,0.0,0.0,-2.1900376835376267
199,2015-06-12 00:00:00-04:00,499.4400024414063,500.7799987792969,490.8699951171875,492.2900085449219,982800,0.0,0.0,-1.7581316007355685
200,2015-06-15 00:00:00-04:00,490.1099853515625,499.8999938964844,482.9200134277344,499.05999755859375,1302600,0.0,0.0,1.3752034159056237
201,2015-06-16 00:00:00-04:00,498.1799926757813,505.1499938964844,497.0700073242188,501.760009765625,639000,0.0,0.0,0.5410195608222867
202,2015-06-17 00:00:00-04:00,501.760009765625,515.0,501.760009765625,512.8900146484375,851800,0.0,0.0,2.218192894250648
203,2015-06-18 00:00:00-04:00,515.1099853515625,533.1699829101562,514.97998046875,527.969970703125,997300,0.0,0.0,2.9401929505342705
204,2015-06-19 00:00:00-04:00,531.6400146484375,534.77001953125,520.9600219726562,522.280029296875,1150900,0.0,0.0,-1.0777017107000297
205,2015-06-22 00:00:00-04:00,526.8499755859375,532.0,518.0,520.7100219726562,750800,0.0,0.0,-0.30060642493499046
206,2015-06-23 00:00:00-04:00,522.1599731445312,523.6300048828125,514.0,521.0499877929688,474500,0.0,0.0,0.06528889515600156
207,2015-06-24 00:00:00-04:00,519.010009765625,522.22998046875,513.4299926757812,516.5900268554688,454900,0.0,0.0,-0.8559564421815269
208,2015-06-25 00:00:00-04:00,517.969970703125,525.9500122070312,516.5999755859375,519.239990234375,482900,0.0,0.0,0.5129722296492778
209,2015-06-26 00:00:00-04:00,522.530029296875,524.719970703125,513.6599731445312,520.6300048828125,408200,0.0,0.0,0.26770177077657387
210,2015-06-29 00:00:00-04:00,514.5900268554688,520.5,504.5199890136719,504.9700012207031,599900,0.0,0.0,-3.007894957117241
211,2015-06-30 00:00:00-04:00,512.2000122070312,514.7999877929688,505.6199951171875,510.1300048828125,635800,0.0,0.0,1.021843604498418
212,2015-07-01 00:00:00-04:00,515.22998046875,516.0499877929688,504.3299865722656,506.510009765625,527700,0.0,0.0,-0.709622073302485
213,2015-07-02 00:00:00-04:00,509.5,512.5,505.2900085449219,511.0799865722656,374700,0.0,0.0,0.9022480737854055
214,2015-07-06 00:00:00-04:00,505.4599914550781,519.6599731445312,505.1099853515625,512.239990234375,457600,0.0,0.0,0.22697105983142674
215,2015-07-07 00:00:00-04:00,515.739990234375,517.8900146484375,507.5,517.6099853515625,457500,0.0,0.0,1.0483357839223828
216,2015-07-08 00:00:00-04:00,515.5399780273438,518.4400024414062,508.2799987792969,509.2999877929688,405900,0.0,0.0,-1.6054554188999148
217,2015-07-09 00:00:00-04:00,505.1499938964844,513.1799926757812,503.6400146484375,509.0299987792969,650700,0.0,0.0,-0.05301178483076985
218,2015-07-10 00:00:00-04:00,514.5,526.22998046875,509.1499938964844,526.010009765625,723500,0.0,0.0,3.335758408551137
219,2015-07-13 00:00:00-04:00,532.280029296875,539.5,531.9500122070312,536.2100219726562,812700,0.0,0.0,1.9391289172569381
220,2015-07-14 00:00:00-04:00,537.0,544.8599853515625,536.1099853515625,542.9000244140625,597200,0.0,0.0,1.2476459162017228
221,2015-07-15 00:00:00-04:00,546.9600219726562,551.9299926757812,540.4299926757812,543.3800048828125,466700,0.0,0.0,0.08841047101959543
222,2015-07-16 00:00:00-04:00,547.0,552.0,542.4299926757812,551.530029296875,436800,0.0,0.0,1.4998756562307092
223,2015-07-17 00:00:00-04:00,552.6199951171875,552.97998046875,545.5,551.97998046875,489000,0.0,0.0,0.0815823523605097
224,2015-07-20 00:00:00-04:00,555.0,569.9099731445312,552.3400268554688,561.1699829101562,935500,0.0,0.0,1.6649158966964617
225,2015-07-21 00:00:00-04:00,560.0,563.2999877929688,553.5599975585938,560.0,560100,0.0,0.0,-0.2084899309989563
226,2015-07-22 00:00:00-04:00,557.5800170898438,563.22998046875,553.780029296875,556.530029296875,770500,0.0,0.0,-0.6196376255580338
227,2015-07-23 00:00:00-04:00,558.1900024414062,559.780029296875,553.1400146484375,556.6099853515625,492500,0.0,0.0,0.014366889561823193
228,2015-07-24 00:00:00-04:00,550.510009765625,558.0,533.510009765625,541.8499755859375,933400,0.0,0.0,-2.651768770605578
229,2015-07-27 00:00:00-04:00,538.739990234375,543.0,530.3499755859375,540.030029296875,658300,0.0,0.0,-0.33587641802409474
230,2015-07-28 00:00:00-04:00,553.2999877929688,559.6500244140625,545.0,552.4500122070312,872000,0.0,0.0,2.299868939941585
231,2015-07-29 00:00:00-04:00,555.22998046875,558.6599731445312,540.02001953125,546.27001953125,648500,0.0,0.0,-1.1186519213009394
232,2015-07-30 00:00:00-04:00,545.6300048828125,550.25,536.02001953125,547.0999755859375,557000,0.0,0.0,0.15193146704255422
233,2015-07-31 00:00:00-04:00,551.2899780273438,558.5,547.8499755859375,553.6599731445312,500400,0.0,0.0,1.1990491411680404
234,2015-08-03 00:00:00-04:00,558.469970703125,561.3099975585938,546.0,554.27001953125,701700,0.0,0.0,0.11018430378015864
235,2015-08-04 00:00:00-04:00,586.0,605.9299926757812,578.2100219726562,580.9400024414062,1939800,0.0,0.0,4.811731100432093
236,2015-08-05 00:00:00-04:00,584.2999877929688,595.8900146484375,581.3800048828125,592.4000244140625,730500,0.0,0.0,1.972668765190111
237,2015-08-06 00:00:00-04:00,593.6599731445312,593.6599731445312,579.0,582.469970703125,726700,0.0,0.0,-1.6762412730754406
238,2015-08-07 00:00:00-04:00,586.0,586.0,574.25,579.0399780273438,793900,0.0,0.0,-0.5888703020416219
239,2015-08-10 00:00:00-04:00,584.6699829101562,591.8400268554688,580.8800048828125,581.0,640300,0.0,0.0,0.3384951034527184
240,2015-08-11 00:00:00-04:00,577.77001953125,583.3800048828125,565.75,566.989990234375,760900,0.0,0.0,-2.411361405443202
241,2015-08-12 00:00:00-04:00,561.8499755859375,580.8800048828125,555.5,579.25,856000,0.0,0.0,2.162297390921686
242,2015-08-13 00:00:00-04:00,578.8900146484375,585.7899780273438,572.9000244140625,574.0999755859375,515700,0.0,0.0,-0.8890849225830832
243,2015-08-14 00:00:00-04:00,572.9000244140625,579.3499755859375,568.9600219726562,576.2999877929688,491500,0.0,0.0,0.3832106428476756
244,2015-08-17 00:00:00-04:00,574.72998046875,578.5700073242188,571.5900268554688,576.760009765625,444700,0.0,0.0,0.07982335283711617
245,2015-08-18 00:00:00-04:00,578.9500122070312,579.97998046875,569.0999755859375,569.6699829101562,581200,0.0,0.0,-1.2292854454922897
246,2015-08-19 00:00:00-04:00,567.3200073242188,575.1199951171875,562.0,568.9099731445312,477200,0.0,0.0,-0.13341228929466542
247,2015-08-20 00:00:00-04:00,561.3300170898438,567.8599853515625,546.010009765625,546.6500244140625,790400,0.0,0.0,-3.9127365982760898
248,2015-08-21 00:00:00-04:00,537.75,557.1900024414062,525.22998046875,527.1799926757812,1501700,0.0,0.0,-3.561699600974244
249,2015-08-24 00:00:00-04:00,498.0,526.0999755859375,480.5,504.5799865722656,1757000,0.0,0.0,-4.286962027675956
250,2015-08-25 00:00:00-04:00,520.9400024414062,528.3800048828125,496.5299987792969,499.0199890136719,1235200,0.0,0.0,-1.1019060816034654
251,2015-08-26 00:00:00-04:00,513.219970703125,535.8699951171875,506.25,535.469970703125,1064500,0.0,0.0,7.304312951771252
252,2015-08-27 00:00:00-04:00,540.0,547.510009765625,526.6500244140625,538.0,759500,0.0,0.0,0.47248761560854113
253,2015-08-28 00:00:00-04:00,530.3900146484375,543.1199951171875,530.1599731445312,536.7000122070312,507800,0.0,0.0,-0.2416334187674285
254,2015-08-31 00:00:00-04:00,526.260009765625,534.719970703125,511.8699951171875,513.5,835300,0.0,0.0,-4.322715051119075
255,2015-09-01 00:00:00-04:00,499.2900085449219,510.989990234375,494.2900085449219,496.4200134277344,899200,0.0,0.0,-3.3261901796038273
256,2015-09-02 00:00:00-04:00,503.7099914550781,518.989990234375,493.75,518.780029296875,748500,0.0,0.0,4.504253507981426
257,2015-09-03 00:00:00-04:00,523.4500122070312,523.6400146484375,506.8299865722656,508.510009765625,608100,0.0,0.0,-1.97964820372315
258,2015-09-04 00:00:00-04:00,500.510009765625,507.9700012207031,498.9800109863281,499.989990234375,806700,0.0,0.0,-1.6754870833667446
259,2015-09-08 00:00:00-04:00,514.8800048828125,543.1900024414062,510.1300048828125,542.760009765625,1242200,0.0,0.0,8.55417515682686
260,2015-09-09 00:00:00-04:00,549.280029296875,549.989990234375,520.2899780273438,527.3499755859375,567700,0.0,0.0,-2.839198522813402
261,2015-09-10 00:00:00-04:00,525.6599731445312,536.4299926757812,524.3599853515625,531.219970703125,522500,0.0,0.0,0.7338570771502573
262,2015-09-11 00:00:00-04:00,528.4099731445312,533.2999877929688,524.72998046875,533.2999877929688,518800,0.0,0.0,0.3915547615972681
263,2015-09-14 00:00:00-04:00,533.469970703125,535.0399780273438,524.8599853515625,531.4000244140625,345000,0.0,0.0,-0.3562654082872041
264,2015-09-15 00:00:00-04:00,531.4000244140625,542.989990234375,527.010009765625,541.4500122070312,464500,0.0,0.0,1.891228327294514
265,2015-09-16 00:00:00-04:00,541.0,545.0,533.6199951171875,540.989990234375,447600,0.0,0.0,-0.08496111594514799
266,2015-09-17 00:00:00-04:00,538.02001953125,556.3099975585938,537.9500122070312,550.969970703125,818600,0.0,0.0,1.8447625000282075
267,2015-09-18 00:00:00-04:00,547.989990234375,554.0,542.989990234375,550.3599853515625,1191600,0.0,0.0,-0.11071117919259077
268,2015-09-21 00:00:00-04:00,551.5499877929688,557.8699951171875,522.1199951171875,529.3800048828125,888600,0.0,0.0,-3.812046847001105
269,2015-09-22 00:00:00-04:00,521.2999877929688,531.4400024414062,519.5700073242188,530.1799926757812,924700,0.0,0.0,0.15111787101702578
270,2015-09-23 00:00:00-04:00,531.489990234375,541.2999877929688,522.5800170898438,536.5,990000,0.0,0.0,1.1920493816302002
271,2015-09-24 00:00:00-04:00,532.010009765625,534.9199829101562,515.6599731445312,522.0,1050400,0.0,0.0,-2.7027027027026973
272,2015-09-25 00:00:00-04:00,529.239990234375,529.5,480.0799865722656,490.6700134277344,1522800,0.0,0.0,-6.001913136449355
273,2015-09-28 00:00:00-04:00,491.010009765625,492.4200134277344,435.5199890136719,453.9800109863281,3128600,0.0,0.0,-7.477531016231531
274,2015-09-29 00:00:00-04:00,444.5899963378906,477.3699951171875,441.3800048828125,451.8200073242188,1621200,0.0,0.0,-0.47579268025842447
275,2015-09-30 00:00:00-04:00,460.5799865722656,474.8399963378906,454.9700012207031,465.1400146484375,1452200,0.0,0.0,2.9480782409576856
276,2015-10-01 00:00:00-04:00,464.010009765625,473.510009765625,456.3200073242188,472.9700012207031,877100,0.0,0.0,1.6833612085994654
277,2015-10-02 00:00:00-04:00,458.0499877929688,479.2900085449219,452.1499938964844,479.0700073242188,1159600,0.0,0.0,1.2897236796777678
278,2015-10-05 00:00:00-04:00,484.1000061035156,489.0,464.0,473.1400146484375,915000,0.0,0.0,-1.2378133853343187
279,2015-10-06 00:00:00-04:00,468.0,476.8900146484375,448.1000061035156,459.8200073242188,1114300,0.0,0.0,-2.815235852354614
280,2015-10-07 00:00:00-04:00,463.3900146484375,486.0799865722656,456.8800048828125,485.760009765625,1271000,0.0,0.0,5.641338355926706
281,2015-10-08 00:00:00-04:00,482.7799987792969,496.6799926757813,468.5400085449219,491.2099914550781,840200,0.0,0.0,1.1219494359123283
282,2015-10-09 00:00:00-04:00,494.0199890136719,504.9800109863281,487.239990234375,503.9200134277344,899300,0.0,0.0,2.587492557919324
283,2015-10-12 00:00:00-04:00,521.2100219726562,531.8699951171875,514.27001953125,526.8300170898438,1306600,0.0,0.0,4.546357170113624
284,2015-10-13 00:00:00-04:00,518.010009765625,525.9099731445312,506.9599914550781,508.0400085449219,984500,0.0,0.0,-3.5666169229908395
285,2015-10-14 00:00:00-04:00,509.9100036621094,523.0,502.510009765625,509.2799987792969,774700,0.0,0.0,0.24407334334286546
286,2015-10-15 00:00:00-04:00,509.6600036621094,520.0,505.0199890136719,519.3499755859375,735300,0.0,0.0,1.9772967386854967
287,2015-10-16 00:00:00-04:00,521.7899780273438,522.0,509.05999755859375,514.5900268554688,754600,0.0,0.0,-0.9165204494519297
288,2015-10-19 00:00:00-04:00,515.8499755859375,530.6599731445312,513.0,523.5599975585938,871000,0.0,0.0,1.7431295273906189
289,2015-10-20 00:00:00-04:00,522.1500244140625,526.5,510.75,514.6699829101562,707800,0.0,0.0,-1.697993484966842
290,2015-10-21 00:00:00-04:00,521.25,524.52001953125,500.6600036621094,518.530029296875,868100,0.0,0.0,0.7500041803278457
291,2015-10-22 00:00:00-04:00,518.1199951171875,528.8800048828125,511.25,525.1099853515625,972700,0.0,0.0,1.2689633546604684
292,2015-10-23 00:00:00-04:00,530.1900024414062,539.1099853515625,525.3099975585938,536.7000122070312,804500,0.0,0.0,2.2071617715875735
293,2015-10-26 00:00:00-04:00,537.7000122070312,550.8900146484375,534.8599853515625,545.8699951171875,709600,0.0,0.0,1.7085863054944195
294,2015-10-27 00:00:00-04:00,545.1599731445312,568.3800048828125,545.1599731445312,567.7899780273438,898400,0.0,0.0,4.0156050169877
295,2015-10-28 00:00:00-04:00,561.6500244140625,571.1599731445312,553.6199951171875,571.1400146484375,890200,0.0,0.0,0.5900133413295983
296,2015-10-29 00:00:00-04:00,568.5599975585938,578.0,559.0,560.02001953125,693300,0.0,0.0,-1.9469823216698212
297,2015-10-30 00:00:00-04:00,562.3300170898438,565.6599731445312,552.5,557.3900146484375,731900,0.0,0.0,-0.4696269403036468
298,2015-11-02 00:00:00-05:00,568.2899780273438,580.97998046875,560.2000122070312,579.0,993800,0.0,0.0,3.8769954221717695
299,2015-11-03 00:00:00-05:00,581.0,581.0,564.5,578.0,944500,0.0,0.0,-0.17271157167529916
300,2015-11-04 00:00:00-05:00,578.010009765625,588.0499877929688,549.5,564.0,1526500,0.0,0.0,-2.422145328719727
301,2015-11-05 00:00:00-05:00,564.9400024414062,574.25,561.0,564.1599731445312,1035500,0.0,0.0,0.028364032718308785
302,2015-11-06 00:00:00-05:00,561.030029296875,566.0800170898438,552.8900146484375,562.0,666200,0.0,0.0,-0.382865365738716
303,2015-11-09 00:00:00-05:00,560.8300170898438,564.5599975585938,555.8200073242188,558.52001953125,658100,0.0,0.0,-0.6192136065391485
304,2015-11-10 00:00:00-05:00,559.0,565.5,551.010009765625,564.8599853515625,570200,0.0,0.0,1.135136718220675
305,2015-11-11 00:00:00-05:00,567.5,571.75,560.1500244140625,566.4099731445312,597400,0.0,0.0,0.2744021232100602
306,2015-11-12 00:00:00-05:00,566.02001953125,566.3699951171875,551.510009765625,552.530029296875,579400,0.0,0.0,-2.4505119093505945
307,2015-11-13 00:00:00-05:00,551.1900024414062,557.25,545.1199951171875,548.9000244140625,548700,0.0,0.0,-0.6569787505363078
308,2015-11-16 00:00:00-05:00,550.260009765625,559.1799926757812,545.2000122070312,558.3800048828125,574000,0.0,0.0,1.7270869096553065
309,2015-11-17 00:00:00-05:00,559.4400024414062,573.3499755859375,556.7899780273438,570.9099731445312,692000,0.0,0.0,2.2439858433592086
310,2015-11-18 00:00:00-05:00,571.4000244140625,588.97998046875,571.4000244140625,587.0900268554688,708000,0.0,0.0,2.8340814615339216
311,2015-11-19 00:00:00-05:00,587.0,592.5900268554688,580.5800170898438,581.3499755859375,584800,0.0,0.0,-0.9777122769868418
312,2015-11-20 00:00:00-05:00,583.9500122070312,587.3800048828125,576.5900268554688,579.5700073242188,745700,0.0,0.0,-0.306178435790716
313,2015-11-23 00:00:00-05:00,575.989990234375,584.5900268554688,567.0599975585938,570.8499755859375,856900,0.0,0.0,-1.5045691854449483
314,2015-11-24 00:00:00-05:00,567.0499877929688,569.9299926757812,560.530029296875,567.469970703125,673900,0.0,0.0,-0.592100381425642
315,2015-11-25 00:00:00-05:00,567.9600219726562,572.9400024414062,560.0,561.6900024414062,774100,0.0,0.0,-1.0185505066562461
316,2015-11-27 00:00:00-05:00,564.0800170898438,566.52001953125,559.25,563.0999755859375,466600,0.0,0.0,0.2510233649170912
317,2015-11-30 00:00:00-05:00,563.989990234375,565.6799926757812,540.260009765625,544.5,866500,0.0,0.0,-3.3031391213581895
318,2015-12-01 00:00:00-05:00,549.25,550.3200073242188,536.2999877929688,545.739990234375,651400,0.0,0.0,0.22773007059229133
319,2015-12-02 00:00:00-05:00,545.010009765625,555.8800048828125,541.2000122070312,546.8800048828125,698800,0.0,0.0,0.2088933684240235
320,2015-12-03 00:00:00-05:00,547.5900268554688,549.989990234375,534.1300048828125,535.72998046875,748300,0.0,0.0,-2.0388429480890924
321,2015-12-04 00:00:00-05:00,538.0900268554688,559.2999877929688,538.010009765625,558.6599731445312,621600,0.0,0.0,4.280139904755398
322,2015-12-07 00:00:00-05:00,559.6599731445312,560.1500244140625,544.5599975585938,546.6099853515625,491200,0.0,0.0,-2.156944898905666
323,2015-12-08 00:00:00-05:00,542.8699951171875,558.0,540.0,556.3300170898438,440500,0.0,0.0,1.7782389635691676
324,2015-12-09 00:00:00-05:00,553.760009765625,562.8599853515625,543.0,547.3900146484375,566000,0.0,0.0,-1.6069602873796551
325,2015-12-10 00:00:00-05:00,547.239990234375,551.6900024414062,542.5499877929688,548.1699829101562,554400,0.0,0.0,0.14248858050867064
326,2015-12-11 00:00:00-05:00,538.9000244140625,547.5,532.5,534.510009765625,699500,0.0,0.0,-2.49192286524198
327,2015-12-14 00:00:00-05:00,537.1400146484375,540.4299926757812,527.0499877929688,539.9400024414062,630500,0.0,0.0,1.015882317744099
328,2015-12-15 00:00:00-05:00,543.4199829101562,557.1500244140625,540.0,556.4500122070312,782600,0.0,0.0,3.057748951915573
329,2015-12-16 00:00:00-05:00,559.0900268554688,563.7899780273438,547.5499877929688,559.6699829101562,741100,0.0,0.0,0.5786630663109804
330,2015-12-17 00:00:00-05:00,560.0,563.030029296875,551.2000122070312,551.489990234375,618900,0.0,0.0,-1.4615743072814324
331,2015-12-18 00:00:00-05:00,548.3400268554688,552.030029296875,542.1500244140625,544.22998046875,1188300,0.0,0.0,-1.316435455617171
332,2015-12-21 00:00:00-05:00,545.9500122070312,547.0900268554688,528.280029296875,532.5499877929688,863300,0.0,0.0,-2.146150174549588
333,2015-12-22 00:00:00-05:00,535.5900268554688,539.6099853515625,526.260009765625,528.3400268554688,621800,0.0,0.0,-0.7905287830250907
334,2015-12-23 00:00:00-05:00,531.0599975585938,537.47998046875,528.4099731445312,535.8499755859375,415300,0.0,0.0,1.421423391895149
335,2015-12-24 00:00:00-05:00,535.5599975585938,539.8499755859375,534.1099853515625,537.6300048828125,169400,0.0,0.0,0.33218799626306694
336,2015-12-28 00:00:00-05:00,536.4500122070312,540.719970703125,531.5800170898438,540.280029296875,351000,0.0,0.0,0.49290857838935054
337,2015-12-29 00:00:00-05:00,542.280029296875,553.75,541.760009765625,550.2100219726562,519700,0.0,0.0,1.8379344298000921
338,2015-12-30 00:00:00-05:00,550.5399780273438,551.8800048828125,544.6900024414062,548.1900024414062,297400,0.0,0.0,-0.36713608450963386
339,2015-12-31 00:00:00-05:00,542.6199951171875,550.6599731445312,542.6199951171875,542.8699951171875,310500,0.0,0.0,-0.9704677758670677
340,2016-01-04 00:00:00-05:00,531.760009765625,532.9099731445312,507.1000061035156,516.5499877929688,1025800,0.0,0.0,-4.848307617100323
341,2016-01-05 00:00:00-05:00,519.3800048828125,521.780029296875,504.05999755859375,508.9800109863281,889300,0.0,0.0,-1.4654877524989174
342,2016-01-06 00:00:00-05:00,499.0,524.6699829101562,496.0,519.47998046875,887600,0.0,0.0,2.0629433879091774
343,2016-01-07 00:00:00-05:00,510.5,515.3499755859375,501.9100036621094,501.9599914550781,931000,0.0,0.0,-3.3726013845351233
344,2016-01-08 00:00:00-05:00,505.0199890136719,511.30999755859375,490.989990234375,491.6799926757813,793100,0.0,0.0,-2.0479717416316823
345,2016-01-11 00:00:00-05:00,495.0499877929688,498.7000122070313,469.7999877929688,480.8200073242188,863000,0.0,0.0,-2.2087507145574836
346,2016-01-12 00:00:00-05:00,486.0,486.989990234375,452.6700134277344,474.9800109863281,1717700,0.0,0.0,-1.2145909589724613
347,2016-01-13 00:00:00-05:00,474.8500061035156,474.8500061035156,451.3900146484375,459.5700073242188,1396900,0.0,0.0,-3.2443478263662895
348,2016-01-14 00:00:00-05:00,461.8500061035156,486.5199890136719,453.1600036621094,479.0799865722656,1193300,0.0,0.0,4.245268171794092
349,2016-01-15 00:00:00-05:00,464.5899963378906,476.239990234375,456.0,462.9500122070313,1350700,0.0,0.0,-3.3668645773833106
350,2016-01-19 00:00:00-05:00,470.2000122070313,474.4400024414063,441.8800048828125,447.0199890136719,1219300,0.0,0.0,-3.4409812665121
351,2016-01-20 00:00:00-05:00,438.5299987792969,468.8200073242188,432.0499877929688,461.9500122070313,1229400,0.0,0.0,3.339900577220667
352,2016-01-21 00:00:00-05:00,462.1600036621094,469.9800109863281,452.010009765625,461.5700073242188,889900,0.0,0.0,-0.08226103967331477
353,2016-01-22 00:00:00-05:00,469.4299926757813,484.5700073242188,464.2300109863281,482.989990234375,820500,0.0,0.0,4.640679110484358
354,2016-01-25 00:00:00-05:00,468.5299987792969,482.2699890136719,465.1099853515625,473.1199951171875,920200,0.0,0.0,-2.0435196001469924
355,2016-01-26 00:00:00-05:00,474.3999938964844,474.3999938964844,456.25,463.55999755859375,608200,0.0,0.0,-2.0206285207256647
356,2016-01-27 00:00:00-05:00,460.6300048828125,463.239990234375,431.510009765625,434.1600036621094,1225800,0.0,0.0,-6.342219788446746
357,2016-01-28 00:00:00-05:00,436.0,436.7000122070313,400.0,415.1099853515625,2297300,0.0,0.0,-4.387787486148264
358,2016-01-29 00:00:00-05:00,415.2200012207031,428.9100036621094,405.05999755859375,420.0899963378906,1148200,0.0,0.0,1.1996847009378753
359,2016-02-01 00:00:00-05:00,417.1900024414063,420.7699890136719,408.4200134277344,418.2699890136719,1000200,0.0,0.0,-0.43324224334894135
360,2016-02-02 00:00:00-05:00,412.6799926757813,415.6300048828125,402.2300109863281,409.8900146484375,887500,0.0,0.0,-2.003484492156682
361,2016-02-03 00:00:00-05:00,413.0499877929688,422.489990234375,392.3500061035156,421.010009765625,1248400,0.0,0.0,2.712921691133441
362,2016-02-04 00:00:00-05:00,417.1700134277344,437.5299987792969,408.1199951171875,412.5899963378906,1284700,0.0,0.0,-1.999955638209594
363,2016-02-05 00:00:00-05:00,416.1000061035156,420.5299987792969,393.0700073242188,396.6099853515625,1432700,0.0,0.0,-3.8730970523195407
364,2016-02-08 00:00:00-05:00,380.7000122070313,393.6400146484375,376.6099853515625,390.5299987792969,1225600,0.0,0.0,-1.532988779109079
365,2016-02-09 00:00:00-05:00,357.0,388.0,350.260009765625,365.9700012207031,2112300,0.0,0.0,-6.288888852421682
366,2016-02-10 00:00:00-05:00,370.0199890136719,378.1900024414063,363.0,367.4800109863281,1232400,0.0,0.0,0.4126047929033261
367,2016-02-11 00:00:00-05:00,358.29998779296875,375.9800109863281,357.010009765625,367.239990234375,941800,0.0,0.0,-0.06531532186170308
368,2016-02-12 00:00:00-05:00,371.3599853515625,379.0400085449219,365.1300048828125,379.010009765625,728200,0.0,0.0,3.2049939669528626
369,2016-02-16 00:00:00-05:00,386.3999938964844,393.9500122070313,382.2200012207031,391.760009765625,1094000,0.0,0.0,3.3640272476931354
370,2016-02-17 00:00:00-05:00,393.7300109863281,398.75,385.0,397.260009765625,842300,0.0,0.0,1.403920732820696
371,2016-02-18 00:00:00-05:00,395.6499938964844,405.0,386.010009765625,387.2999877929688,729500,0.0,0.0,-2.5071796122978496
372,2016-02-19 00:00:00-05:00,386.4500122070313,396.239990234375,380.0199890136719,394.9800109863281,604800,0.0,0.0,1.9829649975265928
373,2016-02-22 00:00:00-05:00,399.0499877929688,405.7099914550781,394.3900146484375,395.7900085449219,773800,0.0,0.0,0.2050730508035281
374,2016-02-23 00:00:00-05:00,392.0,399.6900024414063,386.0799865722656,386.8299865722656,617500,0.0,0.0,-2.263832279545608
375,2016-02-24 00:00:00-05:00,383.6900024414063,394.75,377.2999877929688,393.6300048828125,713700,0.0,0.0,1.7578829321900358
376,2016-02-25 00:00:00-05:00,396.3599853515625,402.80999755859375,390.489990234375,393.989990234375,671900,0.0,0.0,0.09145272136195093
377,2016-02-26 00:00:00-05:00,396.9200134277344,398.6000061035156,387.6400146484375,394.2300109863281,594500,0.0,0.0,0.06092052029300632
378,2016-02-29 00:00:00-05:00,396.239990234375,397.1199951171875,383.05999755859375,384.0199890136719,794000,0.0,0.0,-2.5898642133082905
379,2016-03-01 00:00:00-05:00,387.8599853515625,410.2099914550781,384.0199890136719,410.2099914550781,921000,0.0,0.0,6.819958124751113
380,2016-03-02 00:00:00-05:00,410.0,419.0,405.260009765625,407.80999755859375,781900,0.0,0.0,-0.5850647098992412
381,2016-03-03 00:00:00-05:00,406.2300109863281,409.4400024414063,395.2099914550781,401.9400024414063,780400,0.0,0.0,-1.4393946083541165
382,2016-03-04 00:00:00-05:00,404.5499877929688,413.8500061035156,395.9500122070313,403.8200073242188,791700,0.0,0.0,0.4677327141845211
383,2016-03-07 00:00:00-05:00,401.7900085449219,411.239990234375,399.6099853515625,408.2799987792969,629200,0.0,0.0,1.1044503427729557
384,2016-03-08 00:00:00-05:00,405.3999938964844,408.2900085449219,392.6600036621094,394.80999755859375,709100,0.0,0.0,-3.299206735812832
385,2016-03-09 00:00:00-05:00,388.5299987792969,389.6099853515625,373.7999877929688,374.75,1593600,0.0,0.0,-5.080924414943833
386,2016-03-10 00:00:00-05:00,376.8800048828125,380.5899963378906,373.6300048828125,377.55999755859375,1256200,0.0,0.0,0.7498325706721154
387,2016-03-11 00:00:00-05:00,382.6700134277344,383.5799865722656,375.5299987792969,377.1199951171875,833200,0.0,0.0,-0.11653841621237504
388,2016-03-14 00:00:00-04:00,378.5499877929688,379.1000061035156,370.6499938964844,373.2699890136719,1077700,0.0,0.0,-1.020896837442753
389,2016-03-15 00:00:00-04:00,369.9599914550781,372.2799987792969,359.1700134277344,367.2200012207031,1037400,0.0,0.0,-1.620807450648587
390,2016-03-16 00:00:00-04:00,367.0,381.0,360.0,368.4599914550781,1097200,0.0,0.0,0.33766957961249844
391,2016-03-17 00:00:00-04:00,366.30999755859375,369.5,348.9599914550781,365.4700012207031,1498900,0.0,0.0,-0.8114830113758909
392,2016-03-18 00:00:00-04:00,367.6400146484375,370.4100036621094,356.75,364.510009765625,1583500,0.0,0.0,-0.2626731200568222
393,2016-03-21 00:00:00-04:00,363.8599853515625,375.9200134277344,360.5299987792969,371.0400085449219,771800,0.0,0.0,1.7914456679791968
394,2016-03-22 00:00:00-04:00,367.9100036621094,380.8200073242188,367.25,378.30999755859375,724500,0.0,0.0,1.959354475594699
395,2016-03-23 00:00:00-04:00,378.8500061035156,384.30999755859375,365.1400146484375,365.3800048828125,694500,0.0,0.0,-3.41783002279199
396,2016-03-24 00:00:00-04:00,363.4599914550781,375.3800048828125,360.3800048828125,370.7999877929688,1047500,0.0,0.0,1.4833824614717717
397,2016-03-28 00:00:00-04:00,372.9800109863281,374.9200134277344,363.3200073242188,363.8500061035156,475700,0.0,0.0,-1.8743209056774846
398,2016-03-29 00:00:00-04:00,363.8900146484375,369.6400146484375,357.3399963378906,367.3699951171875,663500,0.0,0.0,0.9674285982203434
399,2016-03-30 00:00:00-04:00,369.7200012207031,373.989990234375,359.1499938964844,359.67999267578125,699300,0.0,0.0,-2.0932581712214127
400,2016-03-31 00:00:00-04:00,361.0199890136719,364.8399963378906,358.6300048828125,360.4400024414063,930100,0.0,0.0,0.21130165177414284
401,2016-04-01 00:00:00-04:00,373.989990234375,411.9800109863281,360.80999755859375,405.25,3184700,0.0,0.0,12.43202676036994
402,2016-04-04 00:00:00-04:00,403.6900024414063,411.3299865722656,399.05999755859375,405.2999877929688,1205200,0.0,0.0,0.01233505070175056
403,2016-04-05 00:00:00-04:00,401.8500061035156,411.8500061035156,399.2900085449219,403.6499938964844,1025800,0.0,0.0,-0.4071043538563468
404,2016-04-06 00:00:00-04:00,404.2099914550781,428.0499877929688,404.2099914550781,427.2000122070313,1478400,0.0,0.0,5.834266980463854
405,2016-04-07 00:00:00-04:00,425.0,433.9299926757813,417.0199890136719,418.4800109863281,1239300,0.0,0.0,-2.041198729291527
406,2016-04-08 00:00:00-04:00,420.8999938964844,424.0,401.7000122070313,404.9400024414063,1223100,0.0,0.0,-3.2355209781726457
407,2016-04-11 00:00:00-04:00,407.3699951171875,407.3699951171875,392.9200134277344,396.1400146484375,1084700,0.0,0.0,-2.1731584283877114
408,2016-04-12 00:00:00-04:00,396.3299865722656,410.489990234375,394.2000122070313,408.0700073242188,1047300,0.0,0.0,3.011559608884462
409,2016-04-13 00:00:00-04:00,411.239990234375,415.0,406.0,410.5199890136719,606100,0.0,0.0,0.6003826905873311
410,2016-04-14 00:00:00-04:00,412.1600036621094,414.5899963378906,401.80999755859375,406.8299865722656,452200,0.0,0.0,-0.8988606012272249
411,2016-04-15 00:00:00-04:00,408.8599853515625,409.7699890136719,400.8900146484375,406.7300109863281,469500,0.0,0.0,-0.024574291285617278
412,2016-04-18 00:00:00-04:00,407.3800048828125,423.9500122070313,405.5899963378906,422.3800048828125,952000,0.0,0.0,3.847759809641982
413,2016-04-19 00:00:00-04:00,421.3800048828125,422.3699951171875,411.3999938964844,413.7799987792969,688300,0.0,0.0,-2.036082675339157
414,2016-04-20 00:00:00-04:00,406.2099914550781,406.8999938964844,396.0,399.75,979000,0.0,0.0,-3.3906904201960297
415,2016-04-21 00:00:00-04:00,400.6900024414063,411.8299865722656,398.0,409.5700073242188,735500,0.0,0.0,2.456537166783934
416,2016-04-22 00:00:00-04:00,406.6099853515625,411.5799865722656,394.5,404.3800048828125,849400,0.0,0.0,-1.2671832284090745
417,2016-04-25 00:00:00-04:00,408.2099914550781,408.9400024414063,403.260009765625,406.9200134277344,376400,0.0,0.0,0.6281241689133354
418,2016-04-26 00:00:00-04:00,406.7699890136719,411.4100036621094,404.3299865722656,406.6600036621094,430200,0.0,0.0,-0.06389702080140669
419,2016-04-27 00:00:00-04:00,406.9100036621094,406.9100036621094,386.3599853515625,390.2799987792969,975000,0.0,0.0,-4.027936048616798
420,2016-04-28 00:00:00-04:00,387.1099853515625,401.7799987792969,385.0,391.2999877929688,923800,0.0,0.0,0.261348010879936
421,2016-04-29 00:00:00-04:00,388.6300048828125,393.0,373.1400146484375,376.7099914550781,889000,0.0,0.0,-3.7285961648457877
422,2016-05-02 00:00:00-04:00,377.9500122070313,385.0,369.0700073242188,384.5199890136719,729500,0.0,0.0,2.07321221516501
423,2016-05-03 00:00:00-04:00,379.6199951171875,381.7300109863281,370.7699890136719,371.3200073242188,729200,0.0,0.0,-3.432846683292645
424,2016-05-04 00:00:00-04:00,370.05999755859375,371.0899963378906,360.25,360.6400146484375,1008800,0.0,0.0,-2.8762233289670425
425,2016-05-05 00:00:00-04:00,377.1300048828125,381.6099853515625,369.1099853515625,377.7300109863281,1500300,0.0,0.0,4.738796485062946
426,2016-05-06 00:00:00-04:00,376.3599853515625,377.4299926757813,365.9299926757813,369.9500122070313,884800,0.0,0.0,-2.059671869593227
427,2016-05-09 00:00:00-04:00,370.2000122070313,381.3200073242188,370.2000122070313,375.4700012207031,946100,0.0,0.0,1.4920905072393298
428,2016-05-10 00:00:00-04:00,377.9599914550781,387.0899963378906,374.3800048828125,385.8699951171875,741400,0.0,0.0,2.76986013867222
429,2016-05-11 00:00:00-04:00,385.05999755859375,386.2900085449219,371.4599914550781,371.8599853515625,706700,0.0,0.0,-3.6307590491378328
430,2016-05-12 00:00:00-04:00,373.0499877929688,375.0,362.3900146484375,365.6400146484375,979600,0.0,0.0,-1.6726646985812499
431,2016-05-13 00:00:00-04:00,364.55999755859375,371.6700134277344,361.6400146484375,369.4599914550781,1159200,0.0,0.0,1.0447370784386178
432,2016-05-16 00:00:00-04:00,380.0,394.4700012207031,378.6600036621094,391.9500122070313,1304300,0.0,0.0,6.087268248824085
433,2016-05-17 00:00:00-04:00,392.989990234375,393.5,382.7799987792969,386.3800048828125,1357600,0.0,0.0,-1.4211014544570744
434,2016-05-18 00:00:00-04:00,386.0400085449219,391.489990234375,384.2999877929688,390.2799987792969,1172000,0.0,0.0,1.0093674225370997
435,2016-05-19 00:00:00-04:00,387.1199951171875,394.010009765625,379.3299865722656,383.2999877929688,1256200,0.0,0.0,-1.7884623880700778
436,2016-05-20 00:00:00-04:00,383.3699951171875,388.0,382.0499877929688,386.0,795000,0.0,0.0,0.7044122862037705
437,2016-05-23 00:00:00-04:00,386.4599914550781,396.989990234375,384.30999755859375,392.6400146484375,1086300,0.0,0.0,1.72021104881801
438,2016-05-24 00:00:00-04:00,397.2300109863281,402.4800109863281,393.30999755859375,397.7000122070313,1109100,0.0,0.0,1.2887116365672524
439,2016-05-25 00:00:00-04:00,399.9500122070313,400.989990234375,392.9100036621094,394.489990234375,959800,0.0,0.0,-0.8071465612591533
440,2016-05-26 00:00:00-04:00,393.489990234375,394.8999938964844,388.0799865722656,393.5400085449219,733400,0.0,0.0,-0.24081262211208543
441,2016-05-27 00:00:00-04:00,398.489990234375,398.489990234375,389.6199951171875,396.2200012207031,547900,0.0,0.0,0.6809962437339667
442,2016-05-31 00:00:00-04:00,398.3599853515625,400.4700012207031,395.0,398.9299926757813,1017400,0.0,0.0,0.6839612959287811
443,2016-06-01 00:00:00-04:00,398.75,408.3500061035156,395.1400146484375,404.30999755859375,875100,0.0,0.0,1.3486087738669772
444,2016-06-02 00:00:00-04:00,405.3500061035156,407.5700073242188,400.30999755859375,407.1300048828125,714100,0.0,0.0,0.6974864191455099
445,2016-06-03 00:00:00-04:00,405.8299865722656,407.0,393.2099914550781,400.75,1153000,0.0,0.0,-1.5670682107178258
446,2016-06-06 00:00:00-04:00,401.75,404.5400085449219,396.7099914550781,403.8900146484375,594400,0.0,0.0,0.7835345348565115
447,2016-06-07 00:00:00-04:00,400.8999938964844,402.3900146484375,394.1199951171875,394.4700012207031,664400,0.0,0.0,-2.3323214454642915
448,2016-06-08 00:00:00-04:00,394.4700012207031,394.80999755859375,383.9800109863281,388.9700012207031,844200,0.0,0.0,-1.394275859502636
449,2016-06-09 00:00:00-04:00,386.4100036621094,392.6300048828125,381.0799865722656,381.0799865722656,660400,0.0,0.0,-2.028437829055274
450,2016-06-10 00:00:00-04:00,379.0400085449219,379.75,369.6000061035156,372.0299987792969,891100,0.0,0.0,-2.374826312547007
451,2016-06-13 00:00:00-04:00,371.7099914550781,375.3800048828125,366.8999938964844,367.2300109863281,855700,0.0,0.0,-1.2902152538016964
452,2016-06-14 00:00:00-04:00,366.3900146484375,371.4500122070313,359.2300109863281,366.489990234375,1020000,0.0,0.0,-0.2015142362590483
453,2016-06-15 00:00:00-04:00,368.7099914550781,376.3200073242188,366.489990234375,367.9100036621094,675000,0.0,0.0,0.3874630864614481
454,2016-06-16 00:00:00-04:00,365.7999877929688,368.6199951171875,362.9200134277344,366.5199890136719,542900,0.0,0.0,-0.37781376820460455
455,2016-06-17 00:00:00-04:00,367.30999755859375,369.8699951171875,354.0,354.2099914550781,1163900,0.0,0.0,-3.3586156083112217
456,2016-06-20 00:00:00-04:00,359.5199890136719,362.9800109863281,352.04998779296875,352.6600036621094,783700,0.0,0.0,-0.4375900822564227
457,2016-06-21 00:00:00-04:00,354.0,354.0,342.75,345.1400146484375,1183500,0.0,0.0,-2.132362313724956
458,2016-06-22 00:00:00-04:00,347.44000244140625,362.0,341.0,351.9200134277344,1797900,0.0,0.0,1.9644197982094491
459,2016-06-23 00:00:00-04:00,355.5899963378906,358.7699890136719,352.2300109863281,357.1400146484375,701600,0.0,0.0,1.483291947468346
460,2016-06-24 00:00:00-04:00,341.70001220703125,350.0899963378906,338.69000244140625,339.4800109863281,1288300,0.0,0.0,-4.944840381297954
461,2016-06-27 00:00:00-04:00,335.8399963378906,341.739990234375,329.0899963378906,331.04998779296875,1475900,0.0,0.0,-2.483216366367702
462,2016-06-28 00:00:00-04:00,334.4700012207031,340.42999267578125,332.9700012207031,339.7799987792969,806000,0.0,0.0,2.637067303499707
463,2016-06-29 00:00:00-04:00,343.2799987792969,351.20001220703125,342.4200134277344,347.8599853515625,1081000,0.0,0.0,2.3780053567879156
464,2016-06-30 00:00:00-04:00,349.54998779296875,350.239990234375,344.75,349.2300109863281,781000,0.0,0.0,0.39384398679285226
465,2016-07-01 00:00:00-04:00,349.0,359.8900146484375,348.42999267578125,358.5,777100,0.0,0.0,2.654407903688094
466,2016-07-05 00:00:00-04:00,362.25,363.1799926757813,355.5,359.6099853515625,652500,0.0,0.0,0.30961934492677035
467,2016-07-06 00:00:00-04:00,357.8999938964844,372.4400024414063,355.6099853515625,371.5700073242188,1031200,0.0,0.0,3.325831445131855
468,2016-07-07 00:00:00-04:00,370.8699951171875,372.2900085449219,364.0700073242188,371.4500122070313,975400,0.0,0.0,-0.032294080475336884
469,2016-07-08 00:00:00-04:00,372.6000061035156,378.8500061035156,370.2099914550781,378.3500061035156,692400,0.0,0.0,1.8575834351133524
470,2016-07-11 00:00:00-04:00,380.5400085449219,381.4700012207031,375.489990234375,375.739990234375,581800,0.0,0.0,-0.6898416352678849
471,2016-07-12 00:00:00-04:00,377.0,379.4500122070313,368.3800048828125,368.75,740200,0.0,0.0,-1.8603264001829767
472,2016-07-13 00:00:00-04:00,370.4500122070313,372.4299926757813,364.3599853515625,364.5,624300,0.0,0.0,-1.15254237288136
473,2016-07-14 00:00:00-04:00,367.0199890136719,367.0199890136719,360.0599975585937,365.2699890136719,743700,0.0,0.0,0.2112452712405677
474,2016-07-15 00:00:00-04:00,367.8800048828125,375.2000122070313,363.4500122070313,373.80999755859375,1242400,0.0,0.0,2.337998960161558
475,2016-07-18 00:00:00-04:00,374.7999877929688,382.3900146484375,370.9200134277344,381.5400085449219,763100,0.0,0.0,2.067898407429958
476,2016-07-19 00:00:00-04:00,381.5299987792969,382.9500122070313,374.1400146484375,377.1499938964844,605700,0.0,0.0,-1.1506040127166939
477,2016-07-20 00:00:00-04:00,377.4800109863281,386.9700012207031,375.4400024414063,384.7000122070313,630800,0.0,0.0,2.001860912828013
478,2016-07-21 00:00:00-04:00,386.25,395.4200134277344,385.6199951171875,389.5199890136719,782600,0.0,0.0,1.252918287937721
479,2016-07-22 00:00:00-04:00,391.3999938964844,392.6000061035156,387.4299926757813,391.3399963378906,477800,0.0,0.0,0.46724362691303867
480,2016-07-25 00:00:00-04:00,391.0299987792969,395.1199951171875,387.5499877929688,394.8999938964844,386100,0.0,0.0,0.9096942791198881
481,2016-07-26 00:00:00-04:00,393.0,398.6499938964844,390.010009765625,398.2699890136719,593700,0.0,0.0,0.8533793794058386
482,2016-07-27 00:00:00-04:00,399.6400146484375,416.0,399.0,415.0899963378906,1001900,0.0,0.0,4.223267579330803
483,2016-07-28 00:00:00-04:00,413.80999755859375,413.9700012207031,405.5400085449219,411.0400085449219,623800,0.0,0.0,-0.9756890863907963
484,2016-07-29 00:00:00-04:00,411.3299865722656,425.8800048828125,409.989990234375,425.1199951171875,1370500,0.0,0.0,3.4254540384301313
485,2016-08-01 00:00:00-04:00,425.0899963378906,439.0,424.010009765625,434.0,1405500,0.0,0.0,2.0888231522407263
486,2016-08-02 00:00:00-04:00,435.2699890136719,437.8500061035156,427.0899963378906,434.8999938964844,1250800,0.0,0.0,0.20737186554939946
487,2016-08-03 00:00:00-04:00,434.7000122070313,442.2900085449219,433.55999755859375,441.3699951171875,1102800,0.0,0.0,1.4876986230179412
488,2016-08-04 00:00:00-04:00,443.2900085449219,443.989990234375,417.5,433.3999938964844,2026900,0.0,0.0,-1.8057415114017927
489,2016-08-05 00:00:00-04:00,430.3500061035156,433.3999938964844,422.0,423.0,1111500,0.0,0.0,-2.3996294515334915
490,2016-08-08 00:00:00-04:00,422.4299926757813,429.05999755859375,418.3599853515625,421.0400085449219,828600,0.0,0.0,-0.4633549539191817
491,2016-08-09 00:00:00-04:00,420.2200012207031,423.2200012207031,417.75,419.239990234375,491100,0.0,0.0,-0.4275171655937382
492,2016-08-10 00:00:00-04:00,418.989990234375,419.5299987792969,412.5,415.4800109863281,468100,0.0,0.0,-0.896856057539952
493,2016-08-11 00:00:00-04:00,416.0199890136719,423.4400024414063,415.0199890136719,421.3500061035156,372600,0.0,0.0,1.4128225093795521
494,2016-08-12 00:00:00-04:00,419.6499938964844,422.3599853515625,415.0,421.5400085449219,296600,0.0,0.0,0.045093731732270825
495,2016-08-15 00:00:00-04:00,422.75,425.9200134277344,422.25,422.8699951171875,368200,0.0,0.0,0.31550660561414645
496,2016-08-16 00:00:00-04:00,422.1600036621094,422.1600036621094,413.0,413.6400146484375,529900,0.0,0.0,-2.1826993107402104
497,2016-08-17 00:00:00-04:00,415.25,415.8200073242188,409.0,411.6799926757813,460700,0.0,0.0,-0.47384728344573857
498,2016-08-18 00:00:00-04:00,412.5499877929688,413.3299865722656,407.5,410.8699951171875,641800,0.0,0.0,-0.196754171444935
499,2016-08-19 00:00:00-04:00,409.3399963378906,410.5,403.5799865722656,404.2999877929688,701700,0.0,0.0,-1.5990477285509286
500,2016-08-22 00:00:00-04:00,406.80999755859375,422.4700012207031,405.1000061035156,418.6499938964844,907500,0.0,0.0,3.5493461629446887
501,2016-08-23 00:00:00-04:00,420.1499938964844,425.0,418.3599853515625,420.6099853515625,452200,0.0,0.0,0.4681694694023353
502,2016-08-24 00:00:00-04:00,419.6099853515625,424.9500122070313,403.5,405.25,605200,0.0,0.0,-3.6518356402604257
503,2016-08-25 00:00:00-04:00,404.9700012207031,410.8800048828125,392.489990234375,400.25,830500,0.0,0.0,-1.2338062924120874
504,2016-08-26 00:00:00-04:00,400.0,407.0400085449219,396.2099914550781,402.9700012207031,663500,0.0,0.0,0.6795755704442463
505,2016-08-29 00:00:00-04:00,405.1499938964844,405.989990234375,396.5799865722656,399.3800048828125,554900,0.0,0.0,-0.8908842660782623
506,2016-08-30 00:00:00-04:00,398.3800048828125,402.3599853515625,394.4200134277344,395.2200012207031,526900,0.0,0.0,-1.0416154066926864
507,2016-08-31 00:00:00-04:00,396.010009765625,397.2699890136719,390.0199890136719,392.5499877929688,568900,0.0,0.0,-0.6755764939748832
508,2016-09-01 00:00:00-04:00,394.75,394.75,390.5,393.3999938964844,478500,0.0,0.0,0.21653448731320246
509,2016-09-02 00:00:00-04:00,393.25,393.9700012207031,387.0199890136719,388.6400146484375,744400,0.0,0.0,-1.2099591565574275
510,2016-09-06 00:00:00-04:00,390.9400024414063,401.3999938964844,390.1499938964844,398.30999755859375,1167000,0.0,0.0,2.4881593623095277
511,2016-09-07 00:00:00-04:00,397.7200012207031,401.760009765625,395.6499938964844,399.8900146484375,819800,0.0,0.0,0.3966802489338228
512,2016-09-08 00:00:00-04:00,398.2799987792969,404.0,396.6300048828125,401.8299865722656,672100,0.0,0.0,0.48512637294373384
513,2016-09-09 00:00:00-04:00,398.0,399.8299865722656,384.010009765625,384.4299926757813,929200,0.0,0.0,-4.330188009339886
514,2016-09-12 00:00:00-04:00,384.2999877929688,399.5700073242188,384.2699890136719,399.510009765625,756800,0.0,0.0,3.922695257173081
515,2016-09-13 00:00:00-04:00,394.3399963378906,396.1799926757813,387.0,390.989990234375,768200,0.0,0.0,-2.132617286923133
516,2016-09-14 00:00:00-04:00,391.7000122070313,401.7999877929688,391.7000122070313,397.55999755859375,655800,0.0,0.0,1.6803517962903358
517,2016-09-15 00:00:00-04:00,396.55999755859375,404.9800109863281,394.8699951171875,402.75,805500,0.0,0.0,1.3054639484047614
518,2016-09-16 00:00:00-04:00,403.75,411.0,400.3699951171875,408.6300048828125,1311800,0.0,0.0,1.4599639684202304
519,2016-09-19 00:00:00-04:00,409.8599853515625,411.0499877929688,401.4500122070313,402.8299865722656,581000,0.0,0.0,-1.4193814064657917
520,2016-09-20 00:00:00-04:00,406.4700012207031,407.2900085449219,400.2300109863281,406.239990234375,626900,0.0,0.0,0.8465118724466203
521,2016-09-21 00:00:00-04:00,407.4400024414063,410.3900146484375,398.5799865722656,406.5199890136719,751400,0.0,0.0,0.06892447470159269
522,2016-09-22 00:00:00-04:00,408.7900085449219,408.9500122070313,402.0199890136719,408.010009765625,621500,0.0,0.0,0.36653074688117737
523,2016-09-23 00:00:00-04:00,405.5700073242188,413.6199951171875,405.5700073242188,410.3900146484375,688600,0.0,0.0,0.5833202190749232
524,2016-09-26 00:00:00-04:00,410.0,410.0,401.1000061035156,404.1199951171875,658600,0.0,0.0,-1.5278197098974822
525,2016-09-27 00:00:00-04:00,405.1199951171875,421.9500122070313,402.3699951171875,421.4500122070313,964500,0.0,0.0,4.28833447966821
526,2016-09-28 00:00:00-04:00,421.8800048828125,424.3500061035156,418.2200012207031,419.1000061035156,779400,0.0,0.0,-0.557600198232111
527,2016-09-29 00:00:00-04:00,419.0499877929688,421.7699890136719,404.6000061035156,406.3599853515625,594200,0.0,0.0,-3.0398521990969374
528,2016-09-30 00:00:00-04:00,396.4400024414063,404.9800109863281,390.55999755859375,402.0199890136719,1114300,0.0,0.0,-1.068017643059982
529,2016-10-03 00:00:00-04:00,402.0199890136719,407.7900085449219,398.1499938964844,402.8200073242188,595100,0.0,0.0,0.19899963494593997
530,2016-10-04 00:00:00-04:00,403.8200073242188,406.0,394.5499877929688,397.2000122070313,558300,0.0,0.0,-1.3951628556185702
531,2016-10-05 00:00:00-04:00,398.9400024414063,401.4500122070313,391.3900146484375,392.6000061035156,769400,0.0,0.0,-1.1581082482741811
532,2016-10-06 00:00:00-04:00,391.3900146484375,393.0,386.5899963378906,388.6000061035156,596900,0.0,0.0,-1.0188486851284817
533,2016-10-07 00:00:00-04:00,390.3299865722656,390.9800109863281,385.5,390.05999755859375,516300,0.0,0.0,0.37570546375369496
534,2016-10-10 00:00:00-04:00,392.2900085449219,396.0,388.8399963378906,393.8599853515625,732000,0.0,0.0,0.9742059726075558
535,2016-10-11 00:00:00-04:00,391.510009765625,394.6900024414063,382.1799926757813,386.0499877929688,807600,0.0,0.0,-1.9829375537152916
536,2016-10-12 00:00:00-04:00,387.5400085449219,388.7999877929688,372.0199890136719,373.4700012207031,856100,0.0,0.0,-3.2586418780077953
537,2016-10-13 00:00:00-04:00,369.6099853515625,379.9599914550781,369.0199890136719,375.7900085449219,532400,0.0,0.0,0.6212031265257378
538,2016-10-14 00:00:00-04:00,378.3999938964844,379.1000061035156,370.6600036621094,371.6799926757813,590400,0.0,0.0,-1.0937001452100192
539,2016-10-17 00:00:00-04:00,367.7999877929688,371.5,364.5,366.7300109863281,497700,0.0,0.0,-1.3317858875904198
540,2016-10-18 00:00:00-04:00,366.4200134277344,372.8500061035156,366.0700073242188,371.5299987792969,413400,0.0,0.0,1.3088614646123764
541,2016-10-19 00:00:00-04:00,372.6199951171875,374.5799865722656,368.0700073242188,368.3599853515625,400000,0.0,0.0,-0.8532321584124536
542,2016-10-20 00:00:00-04:00,368.9200134277344,373.9599914550781,368.2999877929688,371.239990234375,345600,0.0,0.0,0.7818452050549984
543,2016-10-21 00:00:00-04:00,370.3599853515625,371.25,361.6700134277344,363.5299987792969,522000,0.0,0.0,-2.076821371051807
544,2016-10-24 00:00:00-04:00,364.510009765625,367.1199951171875,358.760009765625,362.25,513900,0.0,0.0,-0.3521026555153628
545,2016-10-25 00:00:00-04:00,362.5,367.7699890136719,358.20001220703125,366.9299926757813,509300,0.0,0.0,1.29192344397
546,2016-10-26 00:00:00-04:00,367.6300048828125,367.8999938964844,360.07000732421875,363.0799865722656,483700,0.0,0.0,-1.049248134621017
547,2016-10-27 00:00:00-04:00,365.3399963378906,370.0,362.75,365.3500061035156,503800,0.0,0.0,0.6252119684922786
548,2016-10-28 00:00:00-04:00,363.5799865722656,364.1199951171875,348.489990234375,355.8299865722656,1060600,0.0,0.0,-2.6057258443161646
549,2016-10-31 00:00:00-04:00,357.2099914550781,358.54998779296875,344.8500061035156,345.0199890136719,921500,0.0,0.0,-3.037966997308794
550,2016-11-01 00:00:00-04:00,345.5199890136719,352.3099975585937,340.79998779296875,346.54998779296875,974900,0.0,0.0,0.4434522137893415
551,2016-11-02 00:00:00-04:00,346.6499938964844,346.6499938964844,341.57000732421875,343.6600036621094,721900,0.0,0.0,-0.8339299473834827
552,2016-11-03 00:00:00-04:00,343.510009765625,346.42999267578125,331.95001220703125,336.010009765625,1202500,0.0,0.0,-2.226035562755202
553,2016-11-04 00:00:00-04:00,325.6199951171875,351.75,325.3500061035156,341.3900146484375,1885100,0.0,0.0,1.6011442297701795
554,2016-11-07 00:00:00-05:00,347.4800109863281,366.8399963378906,344.19000244140625,365.3900146484375,1347400,0.0,0.0,7.030082594745823
555,2016-11-08 00:00:00-05:00,362.9500122070313,374.1300048828125,361.4500122070313,367.7699890136719,1302200,0.0,0.0,0.6513517802407165
556,2016-11-09 00:00:00-05:00,385.3500061035156,420.4599914550781,383.5,418.4200134277344,3047200,0.0,0.0,13.77220162795274
557,2016-11-10 00:00:00-05:00,422.0199890136719,431.260009765625,418.9599914550781,423.0,1430400,0.0,0.0,1.0945907043848013
558,2016-11-11 00:00:00-05:00,418.4200134277344,421.7200012207031,411.1400146484375,419.7900085449219,822900,0.0,0.0,-0.7588632281508523
559,2016-11-14 00:00:00-05:00,421.2200012207031,452.9599914550781,418.8500061035156,444.5199890136719,1557100,0.0,0.0,5.891035985937143
560,2016-11-15 00:00:00-05:00,443.5199890136719,449.0,428.1199951171875,428.6499938964844,1118800,0.0,0.0,-3.570142065467252
561,2016-11-16 00:00:00-05:00,428.0,430.9200134277344,419.9400024414063,420.0799865722656,815500,0.0,0.0,-1.9993018654488437
562,2016-11-17 00:00:00-05:00,406.1400146484375,410.1099853515625,398.0199890136719,404.55999755859375,1493400,0.0,0.0,-3.6945318772052427
563,2016-11-18 00:00:00-05:00,403.5400085449219,410.6400146484375,397.0199890136719,397.4800109863281,1413400,0.0,0.0,-1.7500461278898927
564,2016-11-21 00:00:00-05:00,398.9800109863281,410.0,398.3599853515625,405.4800109863281,922500,0.0,0.0,2.0126798276342006
565,2016-11-22 00:00:00-05:00,406.25,407.9299926757813,395.2699890136719,398.9700012207031,918500,0.0,0.0,-1.6055069520663712
566,2016-11-23 00:00:00-05:00,393.6099853515625,403.3500061035156,390.239990234375,402.4100036621094,972600,0.0,0.0,0.8622208263481257
567,2016-11-25 00:00:00-05:00,402.3399963378906,402.3399963378906,394.5,398.1600036621094,282500,0.0,0.0,-1.0561367663137422
568,2016-11-28 00:00:00-05:00,397.1099853515625,398.3299865722656,389.4500122070313,390.3800048828125,729800,0.0,0.0,-1.9539880218353622
569,2016-11-29 00:00:00-05:00,391.7699890136719,394.489990234375,386.5400085449219,387.260009765625,752200,0.0,0.0,-0.7992200108005276
570,2016-11-30 00:00:00-05:00,387.1799926757813,388.2799987792969,377.1499938964844,379.239990234375,965600,0.0,0.0,-2.0709650697224857
571,2016-12-01 00:00:00-05:00,379.4800109863281,381.9700012207031,374.4200134277344,375.55999755859375,824200,0.0,0.0,-0.9703598698826532
572,2016-12-02 00:00:00-05:00,375.8500061035156,378.5,371.3200073242188,372.7099914550781,723600,0.0,0.0,-0.7588683890836889
573,2016-12-05 00:00:00-05:00,375.1000061035156,377.8900146484375,369.0499877929688,369.8200073242188,661700,0.0,0.0,-0.7753975469175556
574,2016-12-06 00:00:00-05:00,371.5899963378906,371.7699890136719,365.3200073242188,368.9500122070313,725400,0.0,0.0,-0.23524825589675835
575,2016-12-07 00:00:00-05:00,365.2799987792969,366.5700073242188,348.82000732421875,362.010009765625,1681400,0.0,0.0,-1.8810142869739255
576,2016-12-08 00:00:00-05:00,361.7999877929688,370.489990234375,359.5,369.1499938964844,973000,0.0,0.0,1.9723167697716315
577,2016-12-09 00:00:00-05:00,371.1300048828125,379.5,369.7699890136719,372.8299865722656,1290700,0.0,0.0,0.9968827676083203
578,2016-12-12 00:00:00-05:00,391.989990234375,396.6799926757813,387.0,387.1000061035156,1529300,0.0,0.0,3.8274870705669706
579,2016-12-13 00:00:00-05:00,386.5,392.4599914550781,378.4500122070313,382.0,990700,0.0,0.0,-1.317490576879976
580,2016-12-14 00:00:00-05:00,382.25,386.0,376.3999938964844,381.5,868800,0.0,0.0,-0.13089005235602524
581,2016-12-15 00:00:00-05:00,381.0899963378906,384.1900024414063,375.9800109863281,378.010009765625,543100,0.0,0.0,-0.9148074008846652
582,2016-12-16 00:00:00-05:00,379.3999938964844,386.55999755859375,377.2799987792969,378.8500061035156,1054800,0.0,0.0,0.22221536895581373
583,2016-12-19 00:00:00-05:00,379.8200073242188,383.2799987792969,371.2699890136719,371.75,793600,0.0,0.0,-1.8740942296766483
584,2016-12-20 00:00:00-05:00,378.2699890136719,378.2699890136719,368.8599853515625,371.0199890136719,747200,0.0,0.0,-0.19637148253615067
585,2016-12-21 00:00:00-05:00,370.1600036621094,372.4400024414063,364.4800109863281,365.05999755859375,559200,0.0,0.0,-1.6063801497386399
586,2016-12-22 00:00:00-05:00,365.8800048828125,372.5,361.9500122070313,372.3800048828125,668500,0.0,0.0,2.00515185809802
587,2016-12-23 00:00:00-05:00,371.6700134277344,382.30999755859375,371.6499938964844,381.7799987792969,801700,0.0,0.0,2.5243014590545787
588,2016-12-27 00:00:00-05:00,383.9100036621094,391.489990234375,382.1199951171875,385.9500122070313,790900,0.0,0.0,1.0922556029827835
589,2016-12-28 00:00:00-05:00,387.8800048828125,387.8800048828125,376.4100036621094,378.75,545500,0.0,0.0,-1.8655297264685844
590,2016-12-29 00:00:00-05:00,378.4100036621094,379.4700012207031,372.7900085449219,373.7200012207031,383900,0.0,0.0,-1.3280524829826779
591,2016-12-30 00:00:00-05:00,375.2999877929688,375.2999877929688,364.9200134277344,367.0899963378906,614800,0.0,0.0,-1.774056743325625
592,2017-01-03 00:00:00-05:00,370.8399963378906,384.9400024414063,368.4400024414063,379.7000122070313,1064500,0.0,0.0,3.435129258475822
593,2017-01-04 00:00:00-05:00,374.8699951171875,389.2200012207031,373.8500061035156,383.1099853515625,781500,0.0,0.0,0.8980703278650193
594,2017-01-05 00:00:00-05:00,381.1499938964844,385.7200012207031,380.2200012207031,380.9200134277344,628000,0.0,0.0,-0.5716300821077547
595,2017-01-06 00:00:00-05:00,360.4800109863281,361.9299926757813,354.0,358.67999267578125,3254600,0.0,0.0,-5.83850151422205
596,2017-01-09 00:00:00-05:00,359.2099914550781,360.3900146484375,349.239990234375,355.0599975585937,1885600,0.0,0.0,-1.0092548207615626
597,2017-01-10 00:00:00-05:00,356.0,375.9400024414063,355.20001220703125,373.0,1787200,0.0,0.0,5.052667877193273
598,2017-01-11 00:00:00-05:00,371.8399963378906,379.9500122070313,361.6600036621094,364.4700012207031,1655700,0.0,0.0,-2.2868629435112253
599,2017-01-12 00:00:00-05:00,362.0,367.3699951171875,358.5,364.4400024414063,663700,0.0,0.0,-0.008230795181041195
600,2017-01-13 00:00:00-05:00,364.760009765625,373.4800109863281,364.4400024414063,368.1600036621094,943800,0.0,0.0,1.0207444835315993
601,2017-01-17 00:00:00-05:00,367.6499938964844,369.9700012207031,359.7300109863281,363.239990234375,879200,0.0,0.0,-1.336379122879916
602,2017-01-18 00:00:00-05:00,363.7000122070313,365.9500122070313,358.92999267578125,362.9500122070313,474000,0.0,0.0,-0.07983097542663131
603,2017-01-19 00:00:00-05:00,363.2000122070313,366.2999877929688,359.9700012207031,363.4100036621094,586200,0.0,0.0,0.12673686171849052
604,2017-01-20 00:00:00-05:00,365.6700134277344,369.75,362.0700073242188,362.55999755859375,782000,0.0,0.0,-0.23389727716629505
605,2017-01-23 00:00:00-05:00,361.9700012207031,363.5899963378906,354.1700134277344,354.3599853515625,899400,0.0,0.0,-2.2616979981929797
606,2017-01-24 00:00:00-05:00,355.0400085449219,356.44000244140625,347.0,347.9599914550781,905400,0.0,0.0,-1.8060712724476846
607,2017-01-25 00:00:00-05:00,350.0,350.75,344.8099975585937,348.92999267578125,934500,0.0,0.0,0.2787680321081787
608,2017-01-26 00:00:00-05:00,348.739990234375,352.8800048828125,340.0899963378906,340.75,1312600,0.0,0.0,-2.344307697097836
609,2017-01-27 00:00:00-05:00,342.3399963378906,349.9700012207031,340.9599914550781,346.5,620600,0.0,0.0,1.687454145267786
610,2017-01-30 00:00:00-05:00,344.8900146484375,347.0400085449219,342.1600036621094,344.5,668200,0.0,0.0,-0.5772005772005762
611,2017-01-31 00:00:00-05:00,344.04998779296875,360.0,343.5,359.2900085449219,1052500,0.0,0.0,4.293180999977331
612,2017-02-01 00:00:00-05:00,358.739990234375,364.7999877929688,355.010009765625,364.1700134277344,1033000,0.0,0.0,1.3582356221303993
613,2017-02-02 00:00:00-05:00,361.1400146484375,364.80999755859375,357.8900146484375,360.55999755859375,578800,0.0,0.0,-0.9912995952526371
614,2017-02-03 00:00:00-05:00,362.4299926757813,363.25,352.0799865722656,358.260009765625,733200,0.0,0.0,-0.6378932240243884
615,2017-02-06 00:00:00-05:00,357.8599853515625,362.4500122070313,353.5899963378906,362.0,750300,0.0,0.0,1.043931818352184
616,2017-02-07 00:00:00-05:00,360.6099853515625,363.1000061035156,355.8900146484375,357.69000244140625,689800,0.0,0.0,-1.1906070603850183
617,2017-02-08 00:00:00-05:00,355.8800048828125,359.0,351.0299987792969,353.25,876900,0.0,0.0,-1.2412990050325923
618,2017-02-09 00:00:00-05:00,347.07000732421875,366.9500122070313,347.0,360.0,1722800,0.0,0.0,1.9108280254777066
619,2017-02-10 00:00:00-05:00,360.9500122070313,364.3900146484375,357.3800048828125,359.8699951171875,713600,0.0,0.0,-0.036112467447912966
620,2017-02-13 00:00:00-05:00,364.2200012207031,378.4700012207031,363.2000122070313,375.6600036621094,1539100,0.0,0.0,4.387697990709127
621,2017-02-14 00:00:00-05:00,375.9500122070313,378.3200073242188,371.6099853515625,376.5199890136719,991900,0.0,0.0,0.228926514182759
622,2017-02-15 00:00:00-05:00,375.4299926757813,384.5799865722656,374.0,384.0,926300,0.0,0.0,1.986617232705945
623,2017-02-16 00:00:00-05:00,379.0,382.0799865722656,369.2000122070313,373.0199890136719,1276800,0.0,0.0,-2.859377861022949
624,2017-02-17 00:00:00-05:00,372.4200134277344,375.0,369.2999877929688,371.1799926757813,775500,0.0,0.0,-0.4932701710586129
625,2017-02-21 00:00:00-05:00,372.1799926757813,375.760009765625,370.0,371.6099853515625,722600,0.0,0.0,0.11584478804513854
626,2017-02-22 00:00:00-05:00,371.6099853515625,373.1600036621094,369.1199951171875,370.2200012207031,569200,0.0,0.0,-0.37404380550871696
627,2017-02-23 00:00:00-05:00,370.989990234375,371.2200012207031,357.2200012207031,360.9599914550781,1118900,0.0,0.0,-2.5012181230329444
628,2017-02-24 00:00:00-05:00,359.8800048828125,361.0799865722656,355.0,361.010009765625,782600,0.0,0.0,0.013857023418362147
629,2017-02-27 00:00:00-05:00,361.1499938964844,373.3599853515625,359.94000244140625,373.0499877929688,537900,0.0,0.0,3.3350814940451112
630,2017-02-28 00:00:00-05:00,373.2999877929688,374.9700012207031,368.4200134277344,373.5,759200,0.0,0.0,0.12063053793234246
631,2017-03-01 00:00:00-05:00,378.0,381.9200134277344,372.5199890136719,379.0499877929688,757500,0.0,0.0,1.4859405068189613
632,2017-03-02 00:00:00-05:00,379.0499877929688,381.989990234375,375.0,375.8599853515625,512200,0.0,0.0,-0.8415782994692034
633,2017-03-03 00:00:00-05:00,375.9800109863281,379.4599914550781,371.0,378.6600036621094,513300,0.0,0.0,0.7449631298016124
634,2017-03-06 00:00:00-05:00,378.1300048828125,383.989990234375,376.4500122070313,381.9299926757813,1020800,0.0,0.0,0.8635686320306091
635,2017-03-07 00:00:00-05:00,378.760009765625,382.2200012207031,370.6300048828125,372.5199890136719,890400,0.0,0.0,-2.4638032735223137
636,2017-03-08 00:00:00-05:00,373.5899963378906,382.6900024414063,373.510009765625,381.3699951171875,832700,0.0,0.0,2.375713079705588
637,2017-03-09 00:00:00-05:00,383.1799926757813,392.239990234375,381.4299926757813,390.1400146484375,1101000,0.0,0.0,2.29960920983181
638,2017-03-10 00:00:00-05:00,392.9500122070313,392.9500122070313,384.2099914550781,388.2300109863281,743500,0.0,0.0,-0.4895687677231808
639,2017-03-13 00:00:00-04:00,389.2000122070313,389.9800109863281,384.2799987792969,388.8800048828125,572700,0.0,0.0,0.16742494863624113
640,2017-03-14 00:00:00-04:00,386.8699951171875,393.5899963378906,386.8699951171875,391.1000061035156,548200,0.0,0.0,0.5708704980530221
641,2017-03-15 00:00:00-04:00,393.6400146484375,399.7200012207031,391.8299865722656,397.7999877929688,808200,0.0,0.0,1.7131121413687334
642,2017-03-16 00:00:00-04:00,397.4599914550781,399.0,389.2900085449219,392.5899963378906,770900,0.0,0.0,-1.309701260672158
643,2017-03-17 00:00:00-04:00,380.0499877929688,386.6900024414063,370.6799926757813,380.2900085449219,2839500,0.0,0.0,-3.133036477674922
644,2017-03-20 00:00:00-04:00,380.8299865722656,385.7099914550781,377.7200012207031,382.0199890136719,576900,0.0,0.0,0.4549108390644596
645,2017-03-21 00:00:00-04:00,382.8900146484375,383.0899963378906,370.239990234375,370.9800109863281,1224600,0.0,0.0,-2.8898953837069086
646,2017-03-22 00:00:00-04:00,373.1199951171875,374.739990234375,366.1300048828125,369.1400146484375,684600,0.0,0.0,-0.4959826091434416
647,2017-03-23 00:00:00-04:00,369.1900024414063,370.7300109863281,364.4400024414063,365.0199890136719,677100,0.0,0.0,-1.1161146099778585
648,2017-03-24 00:00:00-04:00,367.9200134277344,374.8500061035156,366.7200012207031,373.0,881400,0.0,0.0,2.1861846546790797
649,2017-03-27 00:00:00-04:00,371.6900024414063,384.9599914550781,371.0400085449219,383.6799926757813,1385900,0.0,0.0,2.8632688138823914
650,2017-03-28 00:00:00-04:00,383.4700012207031,388.8200073242188,376.2200012207031,382.5499877929688,1651300,0.0,0.0,-0.2945175418013979
651,2017-03-29 00:00:00-04:00,382.4599914550781,401.2099914550781,382.05999755859375,394.1400146484375,1945500,0.0,0.0,3.0296764410671084
652,2017-03-30 00:00:00-04:00,394.8900146484375,397.2099914550781,385.8200073242188,386.1799926757813,966300,0.0,0.0,-2.019592448576002
653,2017-03-31 00:00:00-04:00,385.75,390.0,382.6000061035156,387.510009765625,570300,0.0,0.0,0.3444034168182064
654,2017-04-03 00:00:00-04:00,388.0,392.75,382.260009765625,383.1900024414063,994400,0.0,0.0,-1.1148118023664777
655,2017-04-04 00:00:00-04:00,383.9400024414063,386.05999755859375,379.2799987792969,382.9200134277344,681100,0.0,0.0,-0.0704582614242999
656,2017-04-05 00:00:00-04:00,382.9299926757813,384.510009765625,375.7200012207031,377.3599853515625,772200,0.0,0.0,-1.4520076990494513
657,2017-04-06 00:00:00-04:00,379.0,381.9800109863281,376.3599853515625,379.4800109863281,1119600,0.0,0.0,0.5618045678029482
658,2017-04-07 00:00:00-04:00,379.6000061035156,381.3599853515625,375.6099853515625,380.5499877929688,741700,0.0,0.0,0.2819586738863178
659,2017-04-10 00:00:00-04:00,380.010009765625,382.8900146484375,372.8299865722656,373.260009765625,896500,0.0,0.0,-1.9156426911540958
660,2017-04-11 00:00:00-04:00,372.5,373.8900146484375,363.989990234375,367.0700073242188,850900,0.0,0.0,-1.6583620745477035
661,2017-04-12 00:00:00-04:00,367.0,372.6000061035156,364.2300109863281,366.3299865722656,661000,0.0,0.0,-0.20160207513210127
662,2017-04-13 00:00:00-04:00,367.6099853515625,373.8699951171875,366.5,370.3699951171875,699800,0.0,0.0,1.102833153988847
663,2017-04-17 00:00:00-04:00,373.0,374.3599853515625,369.1099853515625,373.4500122070313,573800,0.0,0.0,0.8316054568268338
664,2017-04-18 00:00:00-04:00,371.0400085449219,374.7200012207031,363.3900146484375,366.05999755859375,520000,0.0,0.0,-1.9788497541514904
665,2017-04-19 00:00:00-04:00,368.1199951171875,371.30999755859375,366.5199890136719,370.9599914550781,501300,0.0,0.0,1.3385767167034102
666,2017-04-20 00:00:00-04:00,371.9200134277344,377.4800109863281,368.0499877929688,376.3999938964844,767900,0.0,0.0,1.4664660790151496
667,2017-04-21 00:00:00-04:00,376.3999938964844,379.2000122070313,368.80999755859375,370.1199951171875,639700,0.0,0.0,-1.6684375348379965
668,2017-04-24 00:00:00-04:00,373.8299865722656,374.9400024414063,369.0499877929688,371.9299926757813,715000,0.0,0.0,0.4890299315011948
669,2017-04-25 00:00:00-04:00,373.0899963378906,376.239990234375,370.0,372.3200073242188,711700,0.0,0.0,0.10486238166262929
670,2017-04-26 00:00:00-04:00,372.1199951171875,375.3999938964844,369.4700012207031,371.3900146484375,516400,0.0,0.0,-0.24978315897256076
671,2017-04-27 00:00:00-04:00,370.8999938964844,371.7099914550781,360.0,366.6199951171875,1981500,0.0,0.0,-1.2843693538086565
672,2017-04-28 00:00:00-04:00,368.510009765625,393.5,368.2999877929688,388.489990234375,2179400,0.0,0.0,5.965303422743462
673,2017-05-01 00:00:00-04:00,388.7999877929688,399.9800109863281,388.2200012207031,396.1700134277344,1246900,0.0,0.0,1.976890881725435
674,2017-05-02 00:00:00-04:00,396.6499938964844,402.989990234375,392.7000122070313,402.0400085449219,884400,0.0,0.0,1.4816858717799475
675,2017-05-03 00:00:00-04:00,402.0,408.1199951171875,400.3900146484375,407.0299987792969,1265500,0.0,0.0,1.2411675774346431
676,2017-05-04 00:00:00-04:00,410.1900024414063,437.3200073242188,410.1900024414063,434.30999755859375,2320300,0.0,0.0,6.702208402602006
677,2017-05-05 00:00:00-04:00,434.7900085449219,438.4700012207031,426.3999938964844,429.0,1060600,0.0,0.0,-1.2226284424588618
678,2017-05-08 00:00:00-04:00,427.760009765625,436.4700012207031,421.8800048828125,423.3800048828125,864500,0.0,0.0,-1.3100221718385763
679,2017-05-09 00:00:00-04:00,422.8299865722656,428.7200012207031,421.5499877929688,427.1799926757813,566400,0.0,0.0,0.8975359604005417
680,2017-05-10 00:00:00-04:00,427.1300048828125,431.739990234375,422.9500122070313,431.5700073242188,518900,0.0,0.0,1.0276732814519685
681,2017-05-11 00:00:00-04:00,429.7900085449219,441.7099914550781,428.8500061035156,440.4299926757813,895600,0.0,0.0,2.052965961767228
682,2017-05-12 00:00:00-04:00,441.5400085449219,452.8800048828125,438.5899963378906,442.0499877929688,1213700,0.0,0.0,0.36782125289547274
683,2017-05-15 00:00:00-04:00,440.3800048828125,450.7799987792969,439.6099853515625,450.4100036621094,772100,0.0,0.0,1.8911924216715281
684,2017-05-16 00:00:00-04:00,451.7900085449219,456.739990234375,445.7999877929688,454.75,943100,0.0,0.0,0.9635657073785664
685,2017-05-17 00:00:00-04:00,451.2900085449219,458.5799865722656,445.2999877929688,446.7200012207031,749400,0.0,0.0,-1.7658051191416946
686,2017-05-18 00:00:00-04:00,448.0,462.9599914550781,446.0499877929688,457.3299865722656,1107600,0.0,0.0,2.3750862559477337
687,2017-05-19 00:00:00-04:00,456.05999755859375,458.489990234375,448.0,450.010009765625,996000,0.0,0.0,-1.6005897320454765
688,2017-05-22 00:00:00-04:00,448.4800109863281,464.3999938964844,448.3900146484375,460.989990234375,782200,0.0,0.0,2.4399413858524177
689,2017-05-23 00:00:00-04:00,462.0,464.25,458.7900085449219,461.3699951171875,573900,0.0,0.0,0.08243235012961314
690,2017-05-24 00:00:00-04:00,461.3699951171875,461.9400024414063,452.1099853515625,458.239990234375,461300,0.0,0.0,-0.6784153533906045
691,2017-05-25 00:00:00-04:00,460.0400085449219,460.0400085449219,455.0199890136719,455.7000122070313,671600,0.0,0.0,-0.5542899095394516
692,2017-05-26 00:00:00-04:00,456.7000122070313,459.25,453.3500061035156,455.1700134277344,475400,0.0,0.0,-0.11630431536090446
693,2017-05-30 00:00:00-04:00,455.1300048828125,458.4800109863281,448.0799865722656,448.6700134277344,865700,0.0,0.0,-1.428037833830631
694,2017-05-31 00:00:00-04:00,450.3200073242188,459.2999877929688,448.0899963378906,459.05999755859375,1313800,0.0,0.0,2.315729560681423
695,2017-06-01 00:00:00-04:00,460.0,470.4299926757813,459.5299987792969,466.0199890136719,1204600,0.0,0.0,1.5161398274938565
696,2017-06-02 00:00:00-04:00,466.7000122070313,484.989990234375,465.3299865722656,480.4299926757813,1717600,0.0,0.0,3.092142826879196
697,2017-06-05 00:00:00-04:00,483.5,489.0,476.9700012207031,480.260009765625,912800,0.0,0.0,-0.035381410975110494
698,2017-06-06 00:00:00-04:00,479.2999877929688,482.2999877929688,473.4400024414063,477.7300109863281,729400,0.0,0.0,-0.5267977195377083
699,2017-06-07 00:00:00-04:00,479.0,483.05999755859375,476.0899963378906,482.0,843900,0.0,0.0,0.8938079910148389
700,2017-06-08 00:00:00-04:00,481.55999755859375,486.80999755859375,478.1600036621094,485.8999938964844,595200,0.0,0.0,0.8091273644158514
701,2017-06-09 00:00:00-04:00,482.5499877929688,487.5199890136719,473.260009765625,475.7900085449219,1027200,0.0,0.0,-2.0806720474494056
702,2017-06-12 00:00:00-04:00,475.2200012207031,477.5,466.9100036621094,476.2300109863281,884600,0.0,0.0,0.09247828527376711
703,2017-06-13 00:00:00-04:00,474.3800048828125,476.5,471.6300048828125,473.6700134277344,503700,0.0,0.0,-0.5375548578493983
704,2017-06-14 00:00:00-04:00,475.3500061035156,481.8599853515625,469.2699890136719,476.8399963378906,662500,0.0,0.0,0.6692386725552835
705,2017-06-15 00:00:00-04:00,474.3699951171875,475.7999877929688,461.5799865722656,469.5,796800,0.0,0.0,-1.5392996380885537
706,2017-06-16 00:00:00-04:00,468.1900024414063,470.2799987792969,453.5400085449219,459.9100036621094,1658600,0.0,0.0,-2.0425977290501884
707,2017-06-19 00:00:00-04:00,462.9599914550781,474.7300109863281,456.5700073242188,471.6700134277344,807600,0.0,0.0,2.557024129065244
708,2017-06-20 00:00:00-04:00,477.9200134277344,504.8900146484375,474.6199951171875,495.3299865722656,2134900,0.0,0.0,5.016213130147662
709,2017-06-21 00:00:00-04:00,496.510009765625,525.0,495.0400085449219,522.02001953125,1743100,0.0,0.0,5.388333773951803
710,2017-06-22 00:00:00-04:00,525.0,543.5499877929688,521.5,526.530029296875,1843100,0.0,0.0,0.863953411149776
711,2017-06-23 00:00:00-04:00,511.7900085449219,519.6500244140625,500.25,517.3300170898438,1885500,0.0,0.0,-1.747291074607249
712,2017-06-26 00:00:00-04:00,513.0,521.510009765625,506.7000122070313,515.9099731445312,1172500,0.0,0.0,-0.27449479025027923
713,2017-06-27 00:00:00-04:00,517.5499877929688,529.989990234375,500.739990234375,502.1199951171875,1447300,0.0,0.0,-2.67294271194104
714,2017-06-28 00:00:00-04:00,506.510009765625,518.0,500.75,513.1900024414062,935100,0.0,0.0,2.2046537544546885
715,2017-06-29 00:00:00-04:00,510.4400024414063,512.6400146484375,499.0799865722656,509.9299926757813,922100,0.0,0.0,-0.6352442078208953
716,2017-06-30 00:00:00-04:00,507.4599914550781,508.0,490.8900146484375,491.1400146484375,1267500,0.0,0.0,-3.684815228997651
717,2017-07-03 00:00:00-04:00,494.2000122070313,498.5499877929688,484.2799987792969,487.7300109863281,603500,0.0,0.0,-0.6943037749734704
718,2017-07-05 00:00:00-04:00,490.0799865722656,499.3599853515625,489.55999755859375,497.0,823000,0.0,0.0,1.9006394531526416
719,2017-07-06 00:00:00-04:00,491.760009765625,496.3500061035156,482.510009765625,490.1900024414063,898600,0.0,0.0,-1.3702208367391777
720,2017-07-07 00:00:00-04:00,497.510009765625,506.3900146484375,493.4400024414063,496.5,729100,0.0,0.0,1.2872554575096506
721,2017-07-10 00:00:00-04:00,497.6099853515625,500.739990234375,489.3299865722656,499.9100036621094,888400,0.0,0.0,0.6868083911599987
722,2017-07-11 00:00:00-04:00,498.5199890136719,502.0,489.2000122070313,492.0,829100,0.0,0.0,-1.5822855322286666
723,2017-07-12 00:00:00-04:00,496.2000122070313,499.3200073242188,489.0899963378906,496.989990234375,576500,0.0,0.0,1.0142256573932862
724,2017-07-13 00:00:00-04:00,496.0199890136719,509.9599914550781,492.1799926757813,505.0499877929688,790000,0.0,0.0,1.6217625539687086
725,2017-07-14 00:00:00-04:00,507.3999938964844,509.5799865722656,498.6499938964844,504.8999938964844,608100,0.0,0.0,-0.029698821920554064
726,2017-07-17 00:00:00-04:00,508.2799987792969,509.8800048828125,496.760009765625,498.1099853515625,620000,0.0,0.0,-1.3448224652413021
727,2017-07-18 00:00:00-04:00,497.6400146484375,499.9800109863281,494.3699951171875,497.6300048828125,450700,0.0,0.0,-0.09636033865316751
728,2017-07-19 00:00:00-04:00,504.989990234375,509.1400146484375,501.1000061035156,506.7900085449219,850800,0.0,0.0,1.8407257545224764
729,2017-07-20 00:00:00-04:00,510.4700012207031,524.8900146484375,509.9200134277344,521.1300048828125,772200,0.0,0.0,2.8295736096027424
730,2017-07-21 00:00:00-04:00,518.4600219726562,522.0,513.4000244140625,515.9199829101562,617700,0.0,0.0,-0.9997547490722236
731,2017-07-24 00:00:00-04:00,516.9400024414062,521.77001953125,510.7000122070313,521.219970703125,474400,0.0,0.0,1.0272887208347736
732,2017-07-25 00:00:00-04:00,523.969970703125,526.1199951171875,510.739990234375,513.4500122070312,596300,0.0,0.0,-1.4907254005659287
733,2017-07-26 00:00:00-04:00,513.77001953125,518.5700073242188,510.0,515.6300048828125,369500,0.0,0.0,0.4245773929210106
734,2017-07-27 00:00:00-04:00,515.77001953125,517.4400024414062,503.9800109863281,508.4100036621094,958100,0.0,0.0,-1.4002290697462505
735,2017-07-28 00:00:00-04:00,507.010009765625,513.4199829101562,499.0400085449219,508.7099914550781,620100,0.0,0.0,0.05900509250564845
736,2017-07-31 00:00:00-04:00,489.6700134277344,499.1400146484375,487.1300048828125,491.6199951171875,1009000,0.0,0.0,-3.3594772316163146
737,2017-08-01 00:00:00-04:00,486.6000061035156,490.1700134277344,471.260009765625,472.0,1282100,0.0,0.0,-3.9908863170853515
738,2017-08-02 00:00:00-04:00,470.7799987792969,477.510009765625,468.30999755859375,476.8200073242188,958200,0.0,0.0,1.0211879924192369
739,2017-08-03 00:00:00-04:00,498.1000061035156,498.5,463.2999877929688,467.1099853515625,1208800,0.0,0.0,-2.036412445682856
740,2017-08-04 00:00:00-04:00,469.3200073242188,473.3399963378906,466.6600036621094,468.760009765625,771200,0.0,0.0,0.35324109220671307
741,2017-08-07 00:00:00-04:00,468.7099914550781,471.760009765625,462.2099914550781,470.1000061035156,499100,0.0,0.0,0.2858597811192576
742,2017-08-08 00:00:00-04:00,469.1799926757813,475.25,467.3500061035156,469.6799926757813,484700,0.0,0.0,-0.08934554824103769
743,2017-08-09 00:00:00-04:00,469.9599914550781,478.989990234375,465.5199890136719,474.0899963378906,980000,0.0,0.0,0.9389379430418954
744,2017-08-10 00:00:00-04:00,470.4800109863281,472.4599914550781,459.1400146484375,460.0799865722656,573700,0.0,0.0,-2.95513718362449
745,2017-08-11 00:00:00-04:00,462.3500061035156,467.8599853515625,459.2300109863281,466.5899963378906,496000,0.0,0.0,1.4149734732272323
746,2017-08-14 00:00:00-04:00,469.9700012207031,476.7999877929688,466.989990234375,474.5400085449219,537400,0.0,0.0,1.7038539766021987
747,2017-08-15 00:00:00-04:00,473.8699951171875,475.010009765625,470.489990234375,472.5700073242188,378500,0.0,0.0,-0.4151391210919564
748,2017-08-16 00:00:00-04:00,475.5799865722656,475.5799865722656,467.239990234375,468.5400085449219,383300,0.0,0.0,-0.852783443053351
749,2017-08-17 00:00:00-04:00,469.8200073242188,470.0400085449219,461.7699890136719,464.0199890136719,711600,0.0,0.0,-0.9647030026928127
750,2017-08-18 00:00:00-04:00,461.8999938964844,470.8599853515625,460.55999755859375,467.9800109863281,549500,0.0,0.0,0.8534162463720074
751,2017-08-21 00:00:00-04:00,467.75,472.489990234375,467.4299926757813,469.739990234375,510700,0.0,0.0,0.37608000485693793
752,2017-08-22 00:00:00-04:00,470.0,483.0,469.2000122070313,478.6499938964844,503600,0.0,0.0,1.896794790169709
753,2017-08-23 00:00:00-04:00,475.0,480.8599853515625,472.3200073242188,477.1499938964844,410600,0.0,0.0,-0.31338138914180913
754,2017-08-24 00:00:00-04:00,477.2699890136719,488.8200073242188,474.3399963378906,485.260009765625,539000,0.0,0.0,1.6996785021231808
755,2017-08-25 00:00:00-04:00,485.25,487.7699890136719,477.3800048828125,477.7999877929688,531000,0.0,0.0,-1.5373246965599496
756,2017-08-28 00:00:00-04:00,483.9200134277344,486.3500061035156,477.7799987792969,479.2200012207031,831200,0.0,0.0,0.2971982971982756
757,2017-08-29 00:00:00-04:00,476.8800048828125,481.3500061035156,473.3699951171875,479.0299987792969,546200,0.0,0.0,-0.03964827029804274
758,2017-08-30 00:00:00-04:00,480.510009765625,495.8500061035156,477.9700012207031,487.1199951171875,729100,0.0,0.0,1.6888287494533083
759,2017-08-31 00:00:00-04:00,488.3999938964844,502.4200134277344,484.0,496.8999938964844,871800,0.0,0.0,2.007718606776576
760,2017-09-01 00:00:00-04:00,498.239990234375,505.489990234375,497.0899963378906,504.0,699900,0.0,0.0,1.4288601712067583
761,2017-09-05 00:00:00-04:00,499.80999755859375,503.5400085449219,489.3699951171875,494.3599853515625,657700,0.0,0.0,-1.9127013191344244
762,2017-09-06 00:00:00-04:00,499.6900024414063,503.3299865722656,492.8699951171875,500.2200012207031,441600,0.0,0.0,1.1853742298687964
763,2017-09-07 00:00:00-04:00,489.0,489.0,467.0,471.9200134277344,1554400,0.0,0.0,-5.657508241155362
764,2017-09-08 00:00:00-04:00,473.0,479.0299987792969,470.0,471.489990234375,760800,0.0,0.0,-0.09112205058563472
765,2017-09-11 00:00:00-04:00,451.0799865722656,454.989990234375,441.5199890136719,445.1099853515625,1984700,0.0,0.0,-5.595029678084817
766,2017-09-12 00:00:00-04:00,448.1199951171875,448.1199951171875,440.0,444.4800109863281,880600,0.0,0.0,-0.1415322922348694
767,2017-09-13 00:00:00-04:00,445.0,445.0,433.1600036621094,437.739990234375,1062800,0.0,0.0,-1.516383321039927
768,2017-09-14 00:00:00-04:00,436.6799926757813,443.2999877929688,429.30999755859375,441.260009765625,987700,0.0,0.0,0.8041347854385705
769,2017-09-15 00:00:00-04:00,442.0400085449219,442.1600036621094,432.4299926757813,433.4500122070313,1002400,0.0,0.0,-1.7699309671732943
770,2017-09-18 00:00:00-04:00,433.4800109863281,439.0299987792969,430.0499877929688,434.6400146484375,672300,0.0,0.0,0.2745420251223374
771,2017-09-19 00:00:00-04:00,433.260009765625,434.6400146484375,426.4700012207031,431.3800048828125,699300,0.0,0.0,-0.7500482366451844
772,2017-09-20 00:00:00-04:00,431.6400146484375,438.4400024414063,429.5499877929688,438.1700134277344,692600,0.0,0.0,1.5740202299748374
773,2017-09-21 00:00:00-04:00,435.0,438.7699890136719,429.4700012207031,433.4500122070313,556900,0.0,0.0,-1.0772077221303356
774,2017-09-22 00:00:00-04:00,431.1199951171875,433.7699890136719,427.0400085449219,432.7200012207031,626300,0.0,0.0,-0.16841872552064707
775,2017-09-25 00:00:00-04:00,431.989990234375,442.8999938964844,431.6400146484375,438.1499938964844,834100,0.0,0.0,1.2548513265999262
776,2017-09-26 00:00:00-04:00,440.3999938964844,442.7999877929688,433.3200073242188,434.9700012207031,453400,0.0,0.0,-0.7257771813486635
777,2017-09-27 00:00:00-04:00,435.6400146484375,437.6099853515625,432.5,435.4299926757813,499800,0.0,0.0,0.10575245506294628
778,2017-09-28 00:00:00-04:00,433.2900085449219,439.0400085449219,433.2900085449219,435.1099853515625,456600,0.0,0.0,-0.07349225583941355
779,2017-09-29 00:00:00-04:00,435.2799987792969,450.2300109863281,435.2799987792969,447.1199951171875,909600,0.0,0.0,2.7602238905000354
780,2017-10-02 00:00:00-04:00,448.30999755859375,465.0,445.4100036621094,462.239990234375,1175800,0.0,0.0,3.3816414569481923
781,2017-10-03 00:00:00-04:00,463.0400085449219,463.0400085449219,451.260009765625,455.6300048828125,596700,0.0,0.0,-1.4299899383891423
782,2017-10-04 00:00:00-04:00,454.1000061035156,458.9200134277344,450.1099853515625,456.0499877929688,610700,0.0,0.0,0.09217630657671894
783,2017-10-05 00:00:00-04:00,455.9500122070313,477.0,451.1000061035156,463.3999938964844,1421300,0.0,0.0,1.6116667690499353
784,2017-10-06 00:00:00-04:00,463.3900146484375,471.0,461.9100036621094,469.9500122070313,986000,0.0,0.0,1.4134696583552486
785,2017-10-09 00:00:00-04:00,472.510009765625,473.8599853515625,466.7000122070313,469.55999755859375,482800,0.0,0.0,-0.08299066673196354
786,2017-10-10 00:00:00-04:00,469.55999755859375,472.30999755859375,460.6600036621094,461.1300048828125,655700,0.0,0.0,-1.7952961750600016
787,2017-10-11 00:00:00-04:00,459.7999877929688,460.8500061035156,448.7099914550781,452.9700012207031,1197800,0.0,0.0,-1.7695668413906573
788,2017-10-12 00:00:00-04:00,454.0,454.5199890136719,444.2000122070313,447.1499938964844,704800,0.0,0.0,-1.2848549150130228
789,2017-10-13 00:00:00-04:00,448.5,449.739990234375,441.0400085449219,442.9599914550781,718100,0.0,0.0,-0.9370462928768863
790,2017-10-16 00:00:00-04:00,444.0,453.5499877929688,443.1099853515625,445.6799926757813,508700,0.0,0.0,0.6140512175305535
791,2017-10-17 00:00:00-04:00,444.4100036621094,448.5700073242188,442.010009765625,442.55999755859375,644300,0.0,0.0,-0.7000527662136435
792,2017-10-18 00:00:00-04:00,443.2000122070313,444.989990234375,435.5499877929688,439.3699951171875,547600,0.0,0.0,-0.720806773997662
793,2017-10-19 00:00:00-04:00,439.5899963378906,443.0,438.0,440.9400024414063,639300,0.0,0.0,0.3573314840946473
794,2017-10-20 00:00:00-04:00,430.1700134277344,435.1600036621094,427.0,432.9800109863281,990100,0.0,0.0,-1.8052323243536783
795,2017-10-23 00:00:00-04:00,433.2799987792969,437.8999938964844,430.0499877929688,432.760009765625,778600,0.0,0.0,-0.05081094164184341
796,2017-10-24 00:00:00-04:00,435.5199890136719,436.75,425.6099853515625,426.510009765625,701900,0.0,0.0,-1.4442184718927442
797,2017-10-25 00:00:00-04:00,424.5299987792969,429.7300109863281,420.5199890136719,421.9299926757813,982200,0.0,0.0,-1.0738357799294107
798,2017-10-26 00:00:00-04:00,416.7000122070313,420.6099853515625,412.489990234375,416.0400085449219,852200,0.0,0.0,-1.3959624186720032
799,2017-10-27 00:00:00-04:00,413.2900085449219,416.0400085449219,406.5199890136719,409.2200012207031,1111600,0.0,0.0,-1.6392671820364968
800,2017-10-30 00:00:00-04:00,407.5299987792969,417.2200012207031,405.0,406.5199890136719,812000,0.0,0.0,-0.6597947800638049
801,2017-10-31 00:00:00-04:00,407.3999938964844,409.9500122070313,400.1900024414063,402.6199951171875,1051200,0.0,0.0,-0.9593609175152285
802,2017-11-01 00:00:00-04:00,403.80999755859375,405.5,394.55999755859375,397.0,1161000,0.0,0.0,-1.3958559399295911
803,2017-11-02 00:00:00-04:00,400.0,402.989990234375,395.4500122070313,397.4500122070313,1453300,0.0,0.0,0.11335320076355515
804,2017-11-03 00:00:00-04:00,400.0199890136719,408.5499877929688,400.0199890136719,408.4100036621094,896600,0.0,0.0,2.75757733512636
805,2017-11-06 00:00:00-05:00,410.010009765625,416.8900146484375,406.5,406.6300048828125,833500,0.0,0.0,-0.4358362340138755
806,2017-11-07 00:00:00-05:00,407.260009765625,411.6700134277344,401.760009765625,404.3900146484375,786000,0.0,0.0,-0.5508669324637117
807,2017-11-08 00:00:00-05:00,418.010009765625,432.5,405.0,415.1700134277344,1310100,0.0,0.0,2.6657430670410154
808,2017-11-09 00:00:00-05:00,409.4400024414063,414.0199890136719,396.5299987792969,406.2099914550781,941900,0.0,0.0,-2.158157304926811
809,2017-11-10 00:00:00-05:00,405.4500122070313,405.75,398.3699951171875,404.5400085449219,770800,0.0,0.0,-0.4111132038319032
810,2017-11-13 00:00:00-05:00,398.260009765625,402.1300048828125,391.2099914550781,393.6199951171875,1416700,0.0,0.0,-2.6993655008344497
811,2017-11-14 00:00:00-05:00,392.75,395.5899963378906,383.8299865722656,384.7999877929688,1109600,0.0,0.0,-2.240741688336445
812,2017-11-15 00:00:00-05:00,384.8699951171875,389.0299987792969,383.80999755859375,386.2999877929688,753800,0.0,0.0,0.38981290217894315
813,2017-11-16 00:00:00-05:00,386.989990234375,395.6600036621094,381.6400146484375,394.6900024414063,674200,0.0,0.0,2.1718909949678844
814,2017-11-17 00:00:00-05:00,393.0799865722656,396.3599853515625,390.5199890136719,391.5899963378906,669100,0.0,0.0,-0.7854280788315404
815,2017-11-20 00:00:00-05:00,391.739990234375,393.3200073242188,383.4200134277344,385.2200012207031,845700,0.0,0.0,-1.626700165162298
816,2017-11-21 00:00:00-05:00,385.0,388.2200012207031,383.2999877929688,384.4400024414063,784700,0.0,0.0,-0.20248138124321358
817,2017-11-22 00:00:00-05:00,384.5499877929688,388.3900146484375,384.5,387.5400085449219,367400,0.0,0.0,0.8063692861900007
818,2017-11-24 00:00:00-05:00,388.3999938964844,392.989990234375,384.25,384.8500061035156,250500,0.0,0.0,-0.694122511764983
819,2017-11-27 00:00:00-05:00,379.0,384.0,372.739990234375,374.5299987792969,1194500,0.0,0.0,-2.68156610641781
820,2017-11-28 00:00:00-05:00,370.7799987792969,371.760009765625,361.1600036621094,366.0,1532000,0.0,0.0,-2.277520841347458
821,2017-11-29 00:00:00-05:00,369.6000061035156,371.3900146484375,353.1400146484375,358.6300048828125,2652300,0.0,0.0,-2.0136598680840168
822,2017-11-30 00:00:00-05:00,358.57000732421875,362.5,354.7300109863281,361.8599853515625,1292700,0.0,0.0,0.9006442363364009
823,2017-12-01 00:00:00-05:00,356.3699951171875,377.3999938964844,355.0299987792969,373.4700012207031,1819500,0.0,0.0,3.208427662390201
824,2017-12-04 00:00:00-05:00,375.5,382.5199890136719,372.05999755859375,378.3699951171875,1075100,0.0,0.0,1.3120180685111338
825,2017-12-05 00:00:00-05:00,378.6099853515625,385.6400146484375,371.510009765625,372.3399963378906,792500,0.0,0.0,-1.5936778436750232
826,2017-12-06 00:00:00-05:00,370.3800048828125,376.9800109863281,366.6600036621094,375.1300048828125,740900,0.0,0.0,0.7493174443687689
827,2017-12-07 00:00:00-05:00,375.80999755859375,379.0899963378906,371.3900146484375,373.6099853515625,513400,0.0,0.0,-0.4051980677271749
828,2017-12-08 00:00:00-05:00,375.5199890136719,384.0700073242188,373.0,380.7799987792969,663900,0.0,0.0,1.9191171833877751
829,2017-12-11 00:00:00-05:00,383.3699951171875,387.5,379.0899963378906,381.3200073242188,518000,0.0,0.0,0.1418164154244117
830,2017-12-12 00:00:00-05:00,380.6499938964844,382.4700012207031,375.5,381.7200012207031,456400,0.0,0.0,0.10489717004127375
831,2017-12-13 00:00:00-05:00,382.0499877929688,389.8200073242188,380.3399963378906,386.6700134277344,570600,0.0,0.0,1.2967652182755973
832,2017-12-14 00:00:00-05:00,388.05999755859375,388.80999755859375,380.75,383.1199951171875,424500,0.0,0.0,-0.9181002372221303
833,2017-12-15 00:00:00-05:00,387.1900024414063,389.5899963378906,382.0,388.9500122070313,1271200,0.0,0.0,1.5217209135901522
834,2017-12-18 00:00:00-05:00,390.9100036621094,390.9100036621094,382.8999938964844,383.3900146484375,623700,0.0,0.0,-1.4294889790707366
835,2017-12-19 00:00:00-05:00,382.6199951171875,390.4200134277344,381.4800109863281,385.7200012207031,579200,0.0,0.0,0.6077327220955775
836,2017-12-20 00:00:00-05:00,385.3500061035156,387.8399963378906,381.1799926757813,382.8900146484375,516500,0.0,0.0,-0.7336893506454056
837,2017-12-21 00:00:00-05:00,381.8500061035156,390.5499877929688,381.1799926757813,384.1400146484375,508800,0.0,0.0,0.326464507346258
838,2017-12-22 00:00:00-05:00,383.5,385.2699890136719,377.0799865722656,381.0,412800,0.0,0.0,-0.8174141012909586
839,2017-12-26 00:00:00-05:00,381.1799926757813,388.0,379.2900085449219,387.4299926757813,454500,0.0,0.0,1.687662119627631
840,2017-12-27 00:00:00-05:00,387.9500122070313,389.30999755859375,382.8699951171875,384.0899963378906,409400,0.0,0.0,-0.8620902875440928
841,2017-12-28 00:00:00-05:00,385.2699890136719,387.1199951171875,378.8999938964844,382.8200073242188,354900,0.0,0.0,-0.3306488129814711
842,2017-12-29 00:00:00-05:00,381.8699951171875,382.6499938964844,375.0,375.9599914550781,624100,0.0,0.0,-1.7919690031589108
843,2018-01-02 00:00:00-05:00,379.4800109863281,384.80999755859375,377.1099853515625,382.6000061035156,621800,0.0,0.0,1.7661492710271176
844,2018-01-03 00:00:00-05:00,383.1400146484375,396.7799987792969,381.1400146484375,393.7799987792969,721300,0.0,0.0,2.9221099052351818
845,2018-01-04 00:00:00-05:00,394.5,394.9500122070313,382.3999938964844,382.9500122070313,650100,0.0,0.0,-2.7502632449180053
846,2018-01-05 00:00:00-05:00,385.8500061035156,388.7900085449219,381.9500122070313,385.1000061035156,461100,0.0,0.0,0.5614293845020102
847,2018-01-08 00:00:00-05:00,384.3999938964844,387.3299865722656,371.260009765625,372.5199890136719,1117800,0.0,0.0,-3.2666883641809696
848,2018-01-09 00:00:00-05:00,372.6099853515625,378.5799865722656,368.1199951171875,368.6499938964844,1207600,0.0,0.0,-1.0388691161067998
849,2018-01-10 00:00:00-05:00,368.6499938964844,371.4200134277344,365.6000061035156,366.4599914550781,805800,0.0,0.0,-0.5940600780319549
850,2018-01-11 00:00:00-05:00,367.0,370.0899963378906,363.0,368.260009765625,627700,0.0,0.0,0.4911909492219424
851,2018-01-12 00:00:00-05:00,369.4500122070313,370.010009765625,366.7300109863281,366.9599914550781,830700,0.0,0.0,-0.35301642211280626
852,2018-01-16 00:00:00-05:00,368.9200134277344,374.80999755859375,367.3500061035156,370.2099914550781,1003400,0.0,0.0,0.885655132896912
853,2018-01-17 00:00:00-05:00,373.8599853515625,378.7000122070313,370.2799987792969,374.0700073242188,738900,0.0,0.0,1.042655778675572
854,2018-01-18 00:00:00-05:00,374.2099914550781,374.7099914550781,369.0299987792969,371.2799987792969,596400,0.0,0.0,-0.7458519769813376
855,2018-01-19 00:00:00-05:00,372.1700134277344,376.4700012207031,370.9599914550781,371.5299987792969,665000,0.0,0.0,0.0673346263795338
856,2018-01-22 00:00:00-05:00,374.4400024414063,376.010009765625,370.6199951171875,375.8599853515625,760100,0.0,0.0,1.1654473626604211
857,2018-01-23 00:00:00-05:00,374.4700012207031,383.9500122070313,373.2699890136719,381.7099914550781,842200,0.0,0.0,1.5564322703955247
858,2018-01-24 00:00:00-05:00,383.1000061035156,387.7099914550781,380.0,383.3200073242188,712900,0.0,0.0,0.4217903395725475
859,2018-01-25 00:00:00-05:00,386.3999938964844,396.2200012207031,382.0400085449219,391.8399963378906,869800,0.0,0.0,2.222683097901923
860,2018-01-26 00:00:00-05:00,392.8999938964844,393.1499938964844,371.9700012207031,374.3599853515625,1429600,0.0,0.0,-4.4610073371006305
861,2018-01-29 00:00:00-05:00,373.5,385.7099914550781,371.510009765625,382.8800048828125,1095200,0.0,0.0,2.275889481951121
862,2018-01-30 00:00:00-05:00,382.7999877929688,384.2200012207031,375.0,379.7699890136719,603700,0.0,0.0,-0.8122690737252025
863,2018-01-31 00:00:00-05:00,379.1600036621094,379.1700134277344,366.1799926757813,366.6499938964844,848700,0.0,0.0,-3.454721409467454
864,2018-02-01 00:00:00-05:00,366.6900024414063,370.989990234375,345.010009765625,345.7900085449219,2403100,0.0,0.0,-5.689345615385955
865,2018-02-02 00:00:00-05:00,345.1700134277344,353.9700012207031,340.6499938964844,347.8599853515625,1546600,0.0,0.0,0.5986225036839654
866,2018-02-05 00:00:00-05:00,346.3299865722656,350.79998779296875,331.6700134277344,331.9800109863281,1297000,0.0,0.0,-4.565047730104799
867,2018-02-06 00:00:00-05:00,328.44000244140625,339.1000061035156,319.5,338.79998779296875,2005600,0.0,0.0,2.054333568571831
868,2018-02-07 00:00:00-05:00,338.79998779296875,343.3800048828125,331.0899963378906,334.6099853515625,1022600,0.0,0.0,-1.2367185927901092
869,2018-02-08 00:00:00-05:00,342.0299987792969,352.5,322.0199890136719,322.6199951171875,1634600,0.0,0.0,-3.583273291075739
870,2018-02-09 00:00:00-05:00,327.2099914550781,339.6000061035156,314.989990234375,336.3800048828125,2088300,0.0,0.0,4.265082751807392
871,2018-02-12 00:00:00-05:00,339.67999267578125,350.989990234375,334.8699951171875,342.6700134277344,1398200,0.0,0.0,1.869911544567926
872,2018-02-13 00:00:00-05:00,340.8399963378906,340.8399963378906,322.69000244140625,324.57000732421875,1557300,0.0,0.0,-5.282051359691775
873,2018-02-14 00:00:00-05:00,321.3399963378906,330.8399963378906,313.5299987792969,330.69000244140625,1981400,0.0,0.0,1.885570132508918
874,2018-02-15 00:00:00-05:00,331.9100036621094,336.0400085449219,327.510009765625,333.17999267578125,834400,0.0,0.0,0.7529681018452195
875,2018-02-16 00:00:00-05:00,334.0,341.0799865722656,328.95001220703125,332.1499938964844,1175400,0.0,0.0,-0.30914184583080706
876,2018-02-20 00:00:00-05:00,331.0,332.4100036621094,322.1000061035156,323.0400085449219,844000,0.0,0.0,-2.742732355551891
877,2018-02-21 00:00:00-05:00,320.54998779296875,324.6600036621094,316.1700134277344,317.510009765625,946800,0.0,0.0,-1.7118618849119693
878,2018-02-22 00:00:00-05:00,317.42999267578125,321.6600036621094,315.29998779296875,315.82000732421875,841600,0.0,0.0,-0.5322674528131399
879,2018-02-23 00:00:00-05:00,318.0599975585937,323.8999938964844,315.1499938964844,323.8599853515625,688700,0.0,0.0,2.5457468940813355
880,2018-02-26 00:00:00-05:00,324.3500061035156,326.1600036621094,320.6000061035156,324.8900146484375,552300,0.0,0.0,0.31804771921941644
881,2018-02-27 00:00:00-05:00,324.9599914550781,327.8699951171875,318.5,320.9700012207031,935100,0.0,0.0,-1.206566299667966
882,2018-02-28 00:00:00-05:00,321.1300048828125,324.2099914550781,318.9599914550781,320.44000244140625,840300,0.0,0.0,-0.1651240855161551
883,2018-03-01 00:00:00-05:00,320.3500061035156,327.3800048828125,320.2300109863281,321.7799987792969,923300,0.0,0.0,0.4181738633383114
884,2018-03-02 00:00:00-05:00,321.94000244140625,333.1300048828125,321.5,330.4700012207031,909500,0.0,0.0,2.7006036653529186
885,2018-03-05 00:00:00-05:00,327.9700012207031,334.1499938964844,327.9700012207031,333.9100036621094,746200,0.0,0.0,1.0409424240322762
886,2018-03-06 00:00:00-05:00,335.0,337.0,328.20001220703125,333.4800109863281,716700,0.0,0.0,-0.12877502053408874
887,2018-03-07 00:00:00-05:00,330.3299865722656,335.0400085449219,328.2799987792969,334.4100036621094,599300,0.0,0.0,0.2788750885039937
888,2018-03-08 00:00:00-05:00,334.5799865722656,341.1700134277344,332.8399963378906,340.7799987792969,836100,0.0,0.0,1.9048458620944286
889,2018-03-09 00:00:00-05:00,343.5799865722656,344.7900085449219,339.4800109863281,341.70001220703125,759700,0.0,0.0,0.2699728361494014
890,2018-03-12 00:00:00-04:00,346.0,346.7300109863281,337.4200134277344,344.54998779296875,1234400,0.0,0.0,0.8340577945928684
891,2018-03-13 00:00:00-04:00,344.42999267578125,346.6400146484375,335.4200134277344,337.75,851500,0.0,0.0,-1.9735852659657271
892,2018-03-14 00:00:00-04:00,339.7099914550781,342.6199951171875,338.1600036621094,341.4200134277344,577800,0.0,0.0,1.0866064922973706
893,2018-03-15 00:00:00-04:00,341.5599975585937,341.9700012207031,334.2900085449219,334.92999267578125,569600,0.0,0.0,-1.9008905444047208
894,2018-03-16 00:00:00-04:00,336.54998779296875,345.8500061035156,333.95001220703125,343.29998779296875,1348900,0.0,0.0,2.4990282447740597
895,2018-03-19 00:00:00-04:00,343.0,352.5899963378906,335.6300048828125,339.0799865722656,924000,0.0,0.0,-1.2292459571096925
896,2018-03-20 00:00:00-04:00,338.4800109863281,339.9800109863281,330.69000244140625,333.8599853515625,690000,0.0,0.0,-1.5394601354894788
897,2018-03-21 00:00:00-04:00,334.0899963378906,337.6099853515625,333.1600036621094,334.8699951171875,431300,0.0,0.0,0.3025249535554275
898,2018-03-22 00:00:00-04:00,331.1600036621094,336.0,327.510009765625,327.69000244140625,608400,0.0,0.0,-2.144113471040787
899,2018-03-23 00:00:00-04:00,327.5199890136719,332.32000732421875,321.20001220703125,321.2900085449219,693300,0.0,0.0,-1.9530635200348367
900,2018-03-26 00:00:00-04:00,325.5799865722656,331.0,317.7099914550781,330.7099914550781,733600,0.0,0.0,2.9319252574389276
901,2018-03-27 00:00:00-04:00,332.6499938964844,335.70001220703125,326.94000244140625,329.239990234375,996300,0.0,0.0,-0.44449858144149923
902,2018-03-28 00:00:00-04:00,329.79998779296875,340.3999938964844,328.5,338.4800109863281,1037400,0.0,0.0,2.8064697564155194
903,2018-03-29 00:00:00-04:00,340.82000732421875,346.8699951171875,338.32000732421875,344.3599853515625,1032800,0.0,0.0,1.737170342230887
904,2018-04-02 00:00:00-04:00,342.45001220703125,345.489990234375,324.7699890136719,330.5599975585937,1317100,0.0,0.0,-4.007430706236148
905,2018-04-03 00:00:00-04:00,330.82000732421875,332.6199951171875,320.7099914550781,332.20001220703125,815400,0.0,0.0,0.49613221822064624
906,2018-04-04 00:00:00-04:00,326.6499938964844,339.1000061035156,321.6099853515625,337.3500061035156,857500,0.0,0.0,1.550269026864104
907,2018-04-05 00:00:00-04:00,339.8599853515625,340.3699951171875,325.4800109863281,328.5899963378906,848500,0.0,0.0,-2.5967124965567634
908,2018-04-06 00:00:00-04:00,324.1099853515625,326.5,316.57000732421875,319.6099853515625,1010200,0.0,0.0,-2.732892384555108
909,2018-04-09 00:00:00-04:00,318.6499938964844,324.2900085449219,315.3699951171875,319.70001220703125,681300,0.0,0.0,0.028167723035843473
910,2018-04-10 00:00:00-04:00,322.5599975585937,328.8800048828125,321.3900146484375,328.0400085449219,554000,0.0,0.0,2.608694407083667
911,2018-04-11 00:00:00-04:00,326.07000732421875,328.54998779296875,322.2799987792969,322.7799987792969,688000,0.0,0.0,-1.6034659275119156
912,2018-04-12 00:00:00-04:00,323.989990234375,327.2799987792969,323.0,325.0799865722656,575200,0.0,0.0,0.7125558589959002
913,2018-04-13 00:00:00-04:00,326.8599853515625,328.5899963378906,319.260009765625,321.5599975585937,846100,0.0,0.0,-1.0828070502855835
914,2018-04-16 00:00:00-04:00,324.3999938964844,324.3999938964844,317.6300048828125,318.20001220703125,816400,0.0,0.0,-1.0449015353503954
915,2018-04-17 00:00:00-04:00,319.6499938964844,324.760009765625,318.9800109863281,322.6300048828125,874500,0.0,0.0,1.3922038044734464
916,2018-04-18 00:00:00-04:00,323.3999938964844,323.9100036621094,320.75,321.3900146484375,405800,0.0,0.0,-0.3843381630996734
917,2018-04-19 00:00:00-04:00,320.510009765625,322.69000244140625,315.3699951171875,315.8299865722656,546100,0.0,0.0,-1.7299940330298913
918,2018-04-20 00:00:00-04:00,316.3099975585937,318.19000244140625,311.3399963378906,314.25,688700,0.0,0.0,-0.5002649018268857
919,2018-04-23 00:00:00-04:00,316.0299987792969,318.4800109863281,313.8099975585937,316.010009765625,605800,0.0,0.0,0.5600667511933111
920,2018-04-24 00:00:00-04:00,317.989990234375,318.5199890136719,310.510009765625,312.0,752300,0.0,0.0,-1.2689502362912775
921,2018-04-25 00:00:00-04:00,312.0,321.2300109863281,311.0400085449219,316.1700134277344,704400,0.0,0.0,1.3365427652994866
922,2018-04-26 00:00:00-04:00,318.0799865722656,327.1600036621094,316.239990234375,323.9700012207031,803000,0.0,0.0,2.4670232665032765
923,2018-04-27 00:00:00-04:00,317.0,317.989990234375,299.5599975585937,313.04998779296875,2085600,0.0,0.0,-3.370686602644779
924,2018-04-30 00:00:00-04:00,311.0,311.0,298.19000244140625,303.67999267578125,1568900,0.0,0.0,-2.993130644484876
925,2018-05-01 00:00:00-04:00,302.92999267578125,303.5599975585937,294.1099853515625,301.2200012207031,1195300,0.0,0.0,-0.8100604301925496
926,2018-05-02 00:00:00-04:00,299.9200134277344,303.54998779296875,295.75,296.1400146484375,1036000,0.0,0.0,-1.686470537042306
927,2018-05-03 00:00:00-04:00,297.6000061035156,307.7200012207031,288.1600036621094,292.4100036621094,1259500,0.0,0.0,-1.259543054577139
928,2018-05-04 00:00:00-04:00,290.1600036621094,292.9100036621094,287.54998779296875,291.25,1398700,0.0,0.0,-0.39670450654273326
929,2018-05-07 00:00:00-04:00,293.5299987792969,294.5,286.32000732421875,288.5400085449219,1037300,0.0,0.0,-0.9304691691255362
930,2018-05-08 00:00:00-04:00,290.5,292.0,284.0400085449219,285.8599853515625,758800,0.0,0.0,-0.9288220399224612
931,2018-05-09 00:00:00-04:00,285.0,288.6099853515625,281.8900146484375,284.6000061035156,764400,0.0,0.0,-0.4407679677508214
932,2018-05-10 00:00:00-04:00,285.010009765625,289.9800109863281,282.5899963378906,288.8999938964844,720400,0.0,0.0,1.5108881590834455
933,2018-05-11 00:00:00-04:00,290.44000244140625,314.8399963378906,290.44000244140625,306.94000244140625,2944500,0.0,0.0,6.244378306005016
934,2018-05-14 00:00:00-04:00,307.0,310.95001220703125,302.0,309.5400085449219,1258000,0.0,0.0,0.8470730705789853
935,2018-05-15 00:00:00-04:00,306.4200134277344,306.9599914550781,299.6199951171875,300.45001220703125,819900,0.0,0.0,-2.9366143590357385
936,2018-05-16 00:00:00-04:00,300.6300048828125,306.4599914550781,297.4700012207031,303.2099914550781,667900,0.0,0.0,0.9186151226198147
937,2018-05-17 00:00:00-04:00,302.57000732421875,308.5,300.3999938964844,308.0,1229100,0.0,0.0,1.5797660630954224
938,2018-05-18 00:00:00-04:00,307.8500061035156,307.8500061035156,300.0,301.8099975585937,938300,0.0,0.0,-2.0097410524046455
939,2018-05-21 00:00:00-04:00,303.75,304.3099975585937,294.17999267578125,296.6000061035156,766700,0.0,0.0,-1.7262487979930463
940,2018-05-22 00:00:00-04:00,297.8800048828125,299.7099914550781,293.5299987792969,294.67999267578125,441900,0.0,0.0,-0.6473409940066843
941,2018-05-23 00:00:00-04:00,292.2900085449219,296.260009765625,291.1000061035156,295.3099975585937,568700,0.0,0.0,0.2137928934678568
942,2018-05-24 00:00:00-04:00,295.5799865722656,296.9200134277344,293.3500061035156,294.6099853515625,585400,0.0,0.0,-0.2370431793093264
943,2018-05-25 00:00:00-04:00,294.1199951171875,295.57000732421875,292.5,293.739990234375,637400,0.0,0.0,-0.29530401562911646
944,2018-05-29 00:00:00-04:00,291.7900085449219,298.0,291.69000244140625,296.5,737500,0.0,0.0,0.9396098105071804
945,2018-05-30 00:00:00-04:00,297.04998779296875,301.7099914550781,294.0199890136719,300.8900146484375,775700,0.0,0.0,1.4806120230817843
946,2018-05-31 00:00:00-04:00,301.3699951171875,304.8699951171875,297.6400146484375,300.32000732421875,670800,0.0,0.0,-0.1894404255604054
947,2018-06-01 00:00:00-04:00,301.3399963378906,311.3599853515625,297.7799987792969,306.8800048828125,1012700,0.0,0.0,2.1843358413053515
948,2018-06-04 00:00:00-04:00,307.6400146484375,314.7900085449219,304.9599914550781,312.0899963378906,1153400,0.0,0.0,1.6977292010496692
949,2018-06-05 00:00:00-04:00,310.1400146484375,315.3800048828125,306.489990234375,311.8500061035156,714000,0.0,0.0,-0.07689776576983443
950,2018-06-06 00:00:00-04:00,312.8900146484375,315.67999267578125,312.010009765625,315.1300048828125,630000,0.0,0.0,1.0517873064296523
951,2018-06-07 00:00:00-04:00,315.5299987792969,317.25,305.2799987792969,308.7200012207031,829700,0.0,0.0,-2.0340823034268207
952,2018-06-08 00:00:00-04:00,308.2200012207031,310.6199951171875,303.5199890136719,308.1000061035156,644300,0.0,0.0,-0.2008276479450566
953,2018-06-11 00:00:00-04:00,308.0,313.92999267578125,306.1300048828125,311.95001220703125,535500,0.0,0.0,1.2495962438319852
954,2018-06-12 00:00:00-04:00,311.7099914550781,312.4200134277344,308.8399963378906,309.5299987792969,353600,0.0,0.0,-0.7757696211046383
955,2018-06-13 00:00:00-04:00,310.1199951171875,313.6700134277344,307.6300048828125,308.2799987792969,465200,0.0,0.0,-0.4038380786772433
956,2018-06-14 00:00:00-04:00,309.94000244140625,317.82000732421875,307.5799865722656,315.6700134277344,606900,0.0,0.0,2.3971761637796574
957,2018-06-15 00:00:00-04:00,316.8999938964844,320.69000244140625,310.3599853515625,315.29998779296875,1034200,0.0,0.0,-0.11721912726130324
958,2018-06-18 00:00:00-04:00,312.260009765625,316.260009765625,309.7099914550781,315.6099853515625,613900,0.0,0.0,0.09831829070583442
959,2018-06-19 00:00:00-04:00,314.6300048828125,327.5599975585937,312.4100036621094,327.07000732421875,1096400,0.0,0.0,3.631070785004087
960,2018-06-20 00:00:00-04:00,327.6600036621094,338.4800109863281,327.6600036621094,336.92999267578125,1300000,0.0,0.0,3.0146406367944634
961,2018-06-21 00:00:00-04:00,336.8699951171875,336.8800048828125,323.6700134277344,329.0400085449219,1014100,0.0,0.0,-2.341728045105118
962,2018-06-22 00:00:00-04:00,330.04998779296875,334.5299987792969,326.8999938964844,331.9700012207031,714900,0.0,0.0,0.8904669948004873
963,2018-06-25 00:00:00-04:00,328.95001220703125,332.17999267578125,321.739990234375,327.1099853515625,574400,0.0,0.0,-1.463992484643073
964,2018-06-26 00:00:00-04:00,327.8900146484375,330.25,321.7699890136719,327.2300109863281,655000,0.0,0.0,0.036692745602562304
965,2018-06-27 00:00:00-04:00,336.69000244140625,342.6600036621094,333.0,336.6099853515625,1500900,0.0,0.0,2.866477416591917
966,2018-06-28 00:00:00-04:00,336.6300048828125,343.3399963378906,332.9599914550781,341.82000732421875,948300,0.0,0.0,1.547791865774517
967,2018-06-29 00:00:00-04:00,343.6000061035156,349.239990234375,343.1499938964844,344.989990234375,1205600,0.0,0.0,0.9273836645698363
968,2018-07-02 00:00:00-04:00,344.95001220703125,351.4700012207031,342.5799865722656,351.1400146484375,871600,0.0,0.0,1.7826674941740617
969,2018-07-03 00:00:00-04:00,352.0,355.9800109863281,347.0,353.8599853515625,540600,0.0,0.0,0.7746114340879684
970,2018-07-05 00:00:00-04:00,356.3699951171875,362.7699890136719,353.5,360.9500122070313,954300,0.0,0.0,2.0036249219941737
971,2018-07-06 00:00:00-04:00,364.0,370.5,358.8099975585937,369.5899963378906,1002500,0.0,0.0,2.3936788581970347
972,2018-07-09 00:00:00-04:00,370.2999877929688,374.8399963378906,366.2000122070313,371.30999755859375,881400,0.0,0.0,0.46538089173027153
973,2018-07-10 00:00:00-04:00,371.2799987792969,371.3200073242188,364.2000122070313,366.2699890136719,921300,0.0,0.0,-1.3573586970618945
974,2018-07-11 00:00:00-04:00,365.0799865722656,366.5199890136719,362.5299987792969,365.2099914550781,595800,0.0,0.0,-0.28940333371243465
975,2018-07-12 00:00:00-04:00,366.5899963378906,367.5899963378906,359.3399963378906,366.4299926757813,698100,0.0,0.0,0.3340547217348666
976,2018-07-13 00:00:00-04:00,366.2999877929688,370.1400146484375,364.6600036621094,367.6400146484375,546200,0.0,0.0,0.3302191405840649
977,2018-07-16 00:00:00-04:00,368.55999755859375,368.55999755859375,359.760009765625,364.75,596400,0.0,0.0,-0.7860990461555528
978,2018-07-17 00:00:00-04:00,364.0299987792969,366.6700134277344,362.0400085449219,365.4299926757813,415300,0.0,0.0,0.1864270529900791
979,2018-07-18 00:00:00-04:00,365.5199890136719,367.2300109863281,360.7200012207031,365.9800109863281,456700,0.0,0.0,0.15051263486050015
980,2018-07-19 00:00:00-04:00,363.6400146484375,368.2000122070313,362.5799865722656,367.739990234375,667000,0.0,0.0,0.48089491098262105
981,2018-07-20 00:00:00-04:00,367.0400085449219,368.7999877929688,363.6900024414063,367.1099853515625,965100,0.0,0.0,-0.17131802347929437
982,2018-07-23 00:00:00-04:00,367.1900024414063,368.2300109863281,363.1900024414063,366.2099914550781,1106500,0.0,0.0,-0.24515647418920095
983,2018-07-24 00:00:00-04:00,369.8800048828125,374.4800109863281,366.2099914550781,372.7699890136719,846700,0.0,0.0,1.7913212942466838
984,2018-07-25 00:00:00-04:00,370.9800109863281,376.1099853515625,369.5700073242188,374.489990234375,672700,0.0,0.0,0.4614108622998714
985,2018-07-26 00:00:00-04:00,376.0,376.75,369.2200012207031,373.5899963378906,579300,0.0,0.0,-0.2403252209547957
986,2018-07-27 00:00:00-04:00,373.1400146484375,373.6600036621094,361.6499938964844,367.6000061035156,1093900,0.0,0.0,-1.603359376078528
987,2018-07-30 00:00:00-04:00,365.55999755859375,375.760009765625,363.1600036621094,371.510009765625,758400,0.0,0.0,1.063657126547568
988,2018-07-31 00:00:00-04:00,372.6400146484375,375.0,365.4400024414063,368.010009765625,961500,0.0,0.0,-0.9421011299824866
989,2018-08-01 00:00:00-04:00,366.739990234375,373.2200012207031,365.8200073242188,371.0299987792969,675200,0.0,0.0,0.8206268670776673
990,2018-08-02 00:00:00-04:00,372.4800109863281,401.5,367.5199890136719,397.0,2148400,0.0,0.0,6.999434360064005
991,2018-08-03 00:00:00-04:00,395.1799926757813,399.0,390.75,394.8800048828125,1312200,0.0,0.0,-0.5340038078557985
992,2018-08-06 00:00:00-04:00,394.0,395.8399963378906,389.5199890136719,390.0499877929688,769100,0.0,0.0,-1.2231607146776402
993,2018-08-07 00:00:00-04:00,391.2900085449219,395.3200073242188,388.2200012207031,391.4200134277344,477700,0.0,0.0,0.3512436040615352
994,2018-08-08 00:00:00-04:00,380.0,380.0,367.6300048828125,374.2699890136719,1161000,0.0,0.0,-4.381488893190899
995,2018-08-09 00:00:00-04:00,372.7699890136719,374.4100036621094,363.25,372.1400146484375,1000600,0.0,0.0,-0.569101030741892
996,2018-08-10 00:00:00-04:00,371.2200012207031,371.8500061035156,364.8599853515625,368.7799987792969,633400,0.0,0.0,-0.9028902393941274
997,2018-08-13 00:00:00-04:00,367.0,368.5700073242188,362.30999755859375,366.4500122070313,590200,0.0,0.0,-0.6318093660117374
998,2018-08-14 00:00:00-04:00,367.0499877929688,369.3999938964844,364.9599914550781,366.2300109863281,517700,0.0,0.0,-0.060035806624259
999,2018-08-15 00:00:00-04:00,365.0,369.0,361.1900024414063,361.8699951171875,551100,0.0,0.0,-1.1905129941148895
1000,2018-08-16 00:00:00-04:00,364.4800109863281,373.9200134277344,361.760009765625,371.7799987792969,595400,0.0,0.0,2.7385535678082773
1001,2018-08-17 00:00:00-04:00,373.0,377.8599853515625,370.1700134277344,374.260009765625,669600,0.0,0.0,0.667064122457095
1002,2018-08-20 00:00:00-04:00,375.9299926757813,377.5400085449219,371.3900146484375,374.7999877929688,543800,0.0,0.0,0.14427884712608918
1003,2018-08-21 00:00:00-04:00,374.5499877929688,381.3500061035156,374.1499938964844,378.55999755859375,553500,0.0,0.0,1.0032043458074735
1004,2018-08-22 00:00:00-04:00,376.239990234375,382.1900024414063,372.0299987792969,380.1700134277344,464700,0.0,0.0,0.42530005270602356
1005,2018-08-23 00:00:00-04:00,378.8399963378906,382.1400146484375,376.5899963378906,379.1900024414063,438900,0.0,0.0,-0.2577822952136488
1006,2018-08-24 00:00:00-04:00,378.3500061035156,380.1900024414063,374.6000061035156,376.3299865722656,421300,0.0,0.0,-0.7542434797137454
1007,2018-08-27 00:00:00-04:00,378.6900024414063,389.0799865722656,377.0400085449219,388.4400024414063,847700,0.0,0.0,3.2179247737982752
1008,2018-08-28 00:00:00-04:00,390.0,392.260009765625,387.0499877929688,390.0499877929688,657900,0.0,0.0,0.4144746528275789
1009,2018-08-29 00:00:00-04:00,392.5,408.75,388.9100036621094,406.6199951171875,1234200,0.0,0.0,4.248175321829195
1010,2018-08-30 00:00:00-04:00,405.9599914550781,416.489990234375,405.1499938964844,408.510009765625,956700,0.0,0.0,0.4648110449887666
1011,2018-08-31 00:00:00-04:00,407.2000122070313,412.1700134277344,406.2999877929688,406.75,484400,0.0,0.0,-0.4308363867594811
1012,2018-09-04 00:00:00-04:00,405.5,410.739990234375,399.4700012207031,403.9299926757813,627100,0.0,0.0,-0.6933023538337246
1013,2018-09-05 00:00:00-04:00,404.1199951171875,409.6700134277344,403.0,406.9400024414063,541000,0.0,0.0,0.7451810512226542
1014,2018-09-06 00:00:00-04:00,405.9400024414063,405.9400024414063,392.7099914550781,397.9299926757813,483900,0.0,0.0,-2.2140880010738995
1015,2018-09-07 00:00:00-04:00,395.4200134277344,397.6700134277344,388.0199890136719,395.4200134277344,503600,0.0,0.0,-0.6307590013934883
1016,2018-09-10 00:00:00-04:00,396.25,398.4700012207031,392.1000061035156,395.0400085449219,355700,0.0,0.0,-0.0961015805746368
1017,2018-09-11 00:00:00-04:00,394.1600036621094,396.0199890136719,389.6300048828125,393.7699890136719,346000,0.0,0.0,-0.3214913689193022
1018,2018-09-12 00:00:00-04:00,394.8399963378906,396.5499877929688,382.4400024414063,388.8800048828125,684200,0.0,0.0,-1.2418376888264082
1019,2018-09-13 00:00:00-04:00,390.2799987792969,398.5700073242188,389.25,397.7099914550781,538800,0.0,0.0,2.2706198470981986
1020,2018-09-14 00:00:00-04:00,397.7799987792969,400.0,388.1099853515625,392.1700134277344,493400,0.0,0.0,-1.3929692857539089
1021,2018-09-17 00:00:00-04:00,392.760009765625,394.5299987792969,386.0499877929688,386.489990234375,525800,0.0,0.0,-1.44835734474279
1022,2018-09-18 00:00:00-04:00,382.7300109863281,392.4700012207031,375.2099914550781,388.3299865722656,644600,0.0,0.0,0.4760786525867866
1023,2018-09-19 00:00:00-04:00,386.8399963378906,386.9800109863281,381.9400024414063,383.7000122070313,610500,0.0,0.0,-1.1922783522597458
1024,2018-09-20 00:00:00-04:00,385.05999755859375,389.3200073242188,383.0,387.25,680600,0.0,0.0,0.9251987698799535
1025,2018-09-21 00:00:00-04:00,389.7300109863281,393.3200073242188,387.3900146484375,390.2799987792969,1147800,0.0,0.0,0.7824399688306949
1026,2018-09-24 00:00:00-04:00,387.2900085449219,393.7999877929688,385.9500122070313,390.1900024414063,372800,0.0,0.0,-0.023059428659433223
1027,2018-09-25 00:00:00-04:00,391.6000061035156,394.7699890136719,388.6700134277344,390.0499877929688,442200,0.0,0.0,-0.03588370987503975
1028,2018-09-26 00:00:00-04:00,389.7099914550781,396.5499877929688,388.9100036621094,391.5299987792969,406200,0.0,0.0,0.37944136204246526
1029,2018-09-27 00:00:00-04:00,391.1099853515625,407.1000061035156,390.010009765625,406.0,813200,0.0,0.0,3.695757991933535
1030,2018-09-28 00:00:00-04:00,405.9200134277344,410.0,400.2699890136719,404.0400085449219,841600,0.0,0.0,-0.48275651602909253
1031,2018-10-01 00:00:00-04:00,406.4100036621094,410.0,392.0,394.2300109863281,866700,0.0,0.0,-2.4279767723802137
1032,2018-10-02 00:00:00-04:00,395.8500061035156,405.75,395.010009765625,400.5700073242188,586900,0.0,0.0,1.6081972861549998
1033,2018-10-03 00:00:00-04:00,401.3699951171875,403.5899963378906,397.9800109863281,403.0400085449219,516200,0.0,0.0,0.6166216080935483
1034,2018-10-04 00:00:00-04:00,401.3599853515625,401.4299926757813,387.8399963378906,392.0499877929688,627500,0.0,0.0,-2.726781589656535
1035,2018-10-05 00:00:00-04:00,393.9200134277344,400.75,386.75,391.7699890136719,453700,0.0,0.0,-0.07141915266294374
1036,2018-10-08 00:00:00-04:00,391.5700073242188,396.2300109863281,386.4299926757813,394.1499938964844,371500,0.0,0.0,0.6075005614402551
1037,2018-10-09 00:00:00-04:00,394.0,396.6400146484375,388.6799926757813,392.5299987792969,422000,0.0,0.0,-0.4110098039511678
1038,2018-10-10 00:00:00-04:00,390.6000061035156,397.9400024414063,381.0,381.9400024414063,673300,0.0,0.0,-2.697882039799171
1039,2018-10-11 00:00:00-04:00,382.6499938964844,384.1799926757813,367.7300109863281,371.6700134277344,761600,0.0,0.0,-2.6889011226959525
1040,2018-10-12 00:00:00-04:00,377.1199951171875,385.9400024414063,373.1000061035156,384.1600036621094,810200,0.0,0.0,3.360505228599364
1041,2018-10-15 00:00:00-04:00,384.1600036621094,385.7799987792969,374.3999938964844,377.5499877929688,444900,0.0,0.0,-1.7206413489506467
1042,2018-10-16 00:00:00-04:00,381.30999755859375,399.3999938964844,380.7799987792969,398.5199890136719,684500,0.0,0.0,5.554231730554848
1043,2018-10-17 00:00:00-04:00,398.0700073242188,401.0,392.4500122070313,399.05999755859375,440000,0.0,0.0,0.1355035029129592
1044,2018-10-18 00:00:00-04:00,399.8999938964844,399.8999938964844,389.989990234375,395.2200012207031,553500,0.0,0.0,-0.9622604022912151
1045,2018-10-19 00:00:00-04:00,396.5799865722656,400.2200012207031,387.5199890136719,389.8299865722656,728900,0.0,0.0,-1.3638010808637024
1046,2018-10-22 00:00:00-04:00,393.2900085449219,398.2799987792969,383.6099853515625,387.7999877929688,643900,0.0,0.0,-0.5207395144602334
1047,2018-10-23 00:00:00-04:00,384.1700134277344,387.1900024414063,377.0899963378906,380.6900024414063,778000,0.0,0.0,-1.8334155686869802
1048,2018-10-24 00:00:00-04:00,380.2799987792969,386.0899963378906,350.7799987792969,351.3900146484375,1416600,0.0,0.0,-7.696547743587912
1049,2018-10-25 00:00:00-04:00,342.5799865722656,348.989990234375,330.7300109863281,336.94000244140625,2351700,0.0,0.0,-4.112243263795746
1050,2018-10-26 00:00:00-04:00,329.989990234375,342.7900085449219,329.1000061035156,335.82000732421875,1038700,0.0,0.0,-0.3324019436909298
1051,2018-10-29 00:00:00-04:00,343.42999267578125,343.42999267578125,327.5799865722656,336.17999267578125,947000,0.0,0.0,0.10719592153869417
1052,2018-10-30 00:00:00-04:00,335.8599853515625,347.9800109863281,332.3999938964844,339.70001220703125,1086800,0.0,0.0,1.0470639561958706
1053,2018-10-31 00:00:00-04:00,344.82000732421875,347.0,335.44000244140625,339.239990234375,890300,0.0,0.0,-0.13542006362246006
1054,2018-11-01 00:00:00-04:00,339.0,355.5299987792969,339.0,355.1099853515625,997300,0.0,0.0,4.678102692498953
1055,2018-11-02 00:00:00-04:00,358.2099914550781,361.1799926757813,347.739990234375,352.5899963378906,663600,0.0,0.0,-0.7096362021972058
1056,2018-11-05 00:00:00-05:00,354.3599853515625,360.6000061035156,352.6199951171875,354.92999267578125,819100,0.0,0.0,0.6636593103022115
1057,2018-11-06 00:00:00-05:00,359.2099914550781,367.0,349.5899963378906,357.6099853515625,981400,0.0,0.0,0.7550764181908365
1058,2018-11-07 00:00:00-05:00,359.8800048828125,365.6799926757813,355.8900146484375,364.25,823600,0.0,0.0,1.8567755153452437
1059,2018-11-08 00:00:00-05:00,359.3800048828125,365.4700012207031,358.0199890136719,363.3399963378906,536600,0.0,0.0,-0.24982941993394459
1060,2018-11-09 00:00:00-05:00,362.1000061035156,362.5499877929688,352.5799865722656,356.6600036621094,544000,0.0,0.0,-1.8384963789037756
1061,2018-11-12 00:00:00-05:00,355.92999267578125,357.9200134277344,344.6300048828125,346.5599975585937,657100,0.0,0.0,-2.831830314532313
1062,2018-11-13 00:00:00-05:00,349.1099853515625,352.67999267578125,341.0799865722656,342.1000061035156,594100,0.0,0.0,-1.2869319847926164
1063,2018-11-14 00:00:00-05:00,344.6400146484375,349.8500061035156,335.79998779296875,337.2900085449219,935300,0.0,0.0,-1.4060208923639461
1064,2018-11-15 00:00:00-05:00,334.510009765625,344.489990234375,332.0,341.6499938964844,796700,0.0,0.0,1.2926517955191175
1065,2018-11-16 00:00:00-05:00,340.20001220703125,347.3299865722656,338.57000732421875,345.3299865722656,768300,0.0,0.0,1.0771235889136976
1066,2018-11-19 00:00:00-05:00,343.45001220703125,345.239990234375,333.92999267578125,338.989990234375,827800,0.0,0.0,-1.8359240681127154
1067,2018-11-20 00:00:00-05:00,337.4700012207031,343.6700134277344,331.5400085449219,337.2900085449219,552500,0.0,0.0,-0.5014843324069207
1068,2018-11-21 00:00:00-05:00,339.6000061035156,345.5799865722656,339.2099914550781,343.1700134277344,481200,0.0,0.0,1.7433083500394853
1069,2018-11-23 00:00:00-05:00,340.20001220703125,349.6300048828125,339.9200134277344,340.8599853515625,199500,0.0,0.0,-0.6731439186944965
1070,2018-11-26 00:00:00-05:00,343.9599914550781,355.1400146484375,341.8399963378906,353.17999267578125,706000,0.0,0.0,3.614389442489685
1071,2018-11-27 00:00:00-05:00,351.4800109863281,356.989990234375,348.2699890136719,353.5899963378906,558600,0.0,0.0,0.11608915301319911
1072,2018-11-28 00:00:00-05:00,354.6199951171875,363.7200012207031,350.45001220703125,363.6400146484375,651100,0.0,0.0,2.842280159120536
1073,2018-11-29 00:00:00-05:00,360.010009765625,364.8900146484375,357.5599975585937,359.57000732421875,555700,0.0,0.0,-1.1192407766657864
1074,2018-11-30 00:00:00-05:00,361.1000061035156,368.239990234375,359.5,365.6499938964844,696800,0.0,0.0,1.6909048164251983
1075,2018-12-03 00:00:00-05:00,372.5,394.9800109863281,372.239990234375,382.6099853515625,1100700,0.0,0.0,4.638313069377342
1076,2018-12-04 00:00:00-05:00,382.6300048828125,396.3200073242188,371.6499938964844,372.7999877929688,1012900,0.0,0.0,-2.5639679919957525
1077,2018-12-06 00:00:00-05:00,367.3200073242188,381.9700012207031,364.8900146484375,381.6900024414063,896700,0.0,0.0,2.384660659746185
1078,2018-12-07 00:00:00-05:00,379.2799987792969,389.2999877929688,370.3500061035156,372.8299865722656,835800,0.0,0.0,-2.3212596118497464
1079,2018-12-10 00:00:00-05:00,374.5199890136719,380.30999755859375,367.3500061035156,377.5899963378906,876100,0.0,0.0,1.2767239591932267
1080,2018-12-11 00:00:00-05:00,382.1700134277344,385.2200012207031,372.3900146484375,375.7200012207031,814700,0.0,0.0,-0.49524487812810936
1081,2018-12-12 00:00:00-05:00,381.2000122070313,385.9800109863281,376.8299865722656,377.9599914550781,601200,0.0,0.0,0.5961860500099281
1082,2018-12-13 00:00:00-05:00,378.260009765625,381.9800109863281,372.6499938964844,378.510009765625,478900,0.0,0.0,0.14552289210014724
1083,2018-12-14 00:00:00-05:00,382.9599914550781,386.8999938964844,379.0,381.1700134277344,758400,0.0,0.0,0.702756490840617
1084,2018-12-17 00:00:00-05:00,381.7000122070313,386.3500061035156,370.6000061035156,375.5,833100,0.0,0.0,-1.487528721565956
1085,2018-12-18 00:00:00-05:00,377.5499877929688,381.489990234375,364.7300109863281,369.0,804800,0.0,0.0,-1.7310252996005304
1086,2018-12-19 00:00:00-05:00,369.0,373.3999938964844,355.45001220703125,360.7000122070313,827100,0.0,0.0,-2.2493191850863625
1087,2018-12-20 00:00:00-05:00,360.9500122070313,363.8200073242188,354.3299865722656,356.2300109863281,852400,0.0,0.0,-1.2392572967636961
1088,2018-12-21 00:00:00-05:00,357.6000061035156,363.0,344.17999267578125,344.6000061035156,1514200,0.0,0.0,-3.2647459574254856
1089,2018-12-24 00:00:00-05:00,343.3299865722656,347.8900146484375,340.3399963378906,340.6400146484375,463800,0.0,0.0,-1.1491559445557797
1090,2018-12-26 00:00:00-05:00,341.9800109863281,363.5299987792969,339.1300048828125,363.2900085449219,832700,0.0,0.0,6.64924639574731
1091,2018-12-27 00:00:00-05:00,359.45001220703125,364.8699951171875,352.6000061035156,364.7900085449219,690200,0.0,0.0,0.4128932711383815
1092,2018-12-28 00:00:00-05:00,366.5499877929688,371.2099914550781,361.5400085449219,362.6199951171875,522200,0.0,0.0,-0.5948664647889235
1093,2018-12-31 00:00:00-05:00,364.7300109863281,374.75,364.6400146484375,373.5,680200,0.0,0.0,3.000387466029397
1094,2019-01-02 00:00:00-05:00,368.1499938964844,376.7900085449219,366.010009765625,372.4400024414063,599600,0.0,0.0,-0.2838012205070184
1095,2019-01-03 00:00:00-05:00,373.6600036621094,385.9400024414063,371.5799865722656,372.0799865722656,750200,0.0,0.0,-0.09666412490084708
1096,2019-01-04 00:00:00-05:00,379.5400085449219,399.7000122070313,377.6499938964844,397.5499877929688,1207600,0.0,0.0,6.845302660683794
1097,2019-01-07 00:00:00-05:00,397.3399963378906,400.7999877929688,393.9400024414063,396.6300048828125,959400,0.0,0.0,-0.23141314008425784
1098,2019-01-08 00:00:00-05:00,399.30999755859375,401.0899963378906,389.0,397.260009765625,963500,0.0,0.0,0.15883944105505865
1099,2019-01-09 00:00:00-05:00,398.0199890136719,401.4599914550781,395.6099853515625,399.5799865722656,615600,0.0,0.0,0.5839945500704546
1100,2019-01-10 00:00:00-05:00,399.3999938964844,410.0,395.9800109863281,408.05999755859375,949300,0.0,0.0,2.122231160542487
1101,2019-01-11 00:00:00-05:00,405.6499938964844,412.2900085449219,403.5499877929688,408.6300048828125,758000,0.0,0.0,0.13968713611456351
1102,2019-01-14 00:00:00-05:00,408.1600036621094,408.1600036621094,399.1099853515625,400.7300109863281,693300,0.0,0.0,-1.9332877669494541
1103,2019-01-15 00:00:00-05:00,401.4200134277344,405.1600036621094,399.6300048828125,405.0199890136719,475100,0.0,0.0,1.0705407405811052
1104,2019-01-16 00:00:00-05:00,406.1700134277344,410.6300048828125,402.8500061035156,404.5400085449219,468800,0.0,0.0,-0.11850784696303407
1105,2019-01-17 00:00:00-05:00,402.7200012207031,420.2900085449219,402.7200012207031,417.3800048828125,860200,0.0,0.0,3.1739744071481057
1106,2019-01-18 00:00:00-05:00,420.4200134277344,420.4800109863281,410.0,418.8399963378906,710400,0.0,0.0,0.3497990890790392
1107,2019-01-22 00:00:00-05:00,415.7699890136719,421.989990234375,404.0,404.75,899500,0.0,0.0,-3.3640522541032114
1108,2019-01-23 00:00:00-05:00,404.9200134277344,406.7900085449219,393.1700134277344,401.2099914550781,914000,0.0,0.0,-0.8746160703945294
1109,2019-01-24 00:00:00-05:00,401.7999877929688,408.8800048828125,399.1600036621094,407.9299926757813,655100,0.0,0.0,1.6749336666147308
1110,2019-01-25 00:00:00-05:00,410.8500061035156,418.9500122070313,406.1000061035156,418.2900085449219,668000,0.0,0.0,2.539655346542413
1111,2019-01-28 00:00:00-05:00,415.1099853515625,416.489990234375,408.80999755859375,413.9500122070313,761000,0.0,0.0,-1.0375567786062634
1112,2019-01-29 00:00:00-05:00,415.7200012207031,418.510009765625,413.0,417.1499938964844,724700,0.0,0.0,0.7730357760812545
1113,2019-01-30 00:00:00-05:00,416.3500061035156,420.4400024414063,412.6300048828125,419.9100036621094,867800,0.0,0.0,0.6616348570077868
1114,2019-01-31 00:00:00-05:00,419.6799926757813,430.5799865722656,419.4500122070313,429.2699890136719,1441800,0.0,0.0,2.229045574035493
1115,2019-02-01 00:00:00-05:00,428.5199890136719,431.3200073242188,425.3200073242188,430.1499938964844,702300,0.0,0.0,0.20500032737775786
1116,2019-02-04 00:00:00-05:00,428.9200134277344,429.05999755859375,422.489990234375,425.3999938964844,474600,0.0,0.0,-1.1042659694058043
1117,2019-02-05 00:00:00-05:00,426.1099853515625,427.5,419.6300048828125,421.0400085449219,629600,0.0,0.0,-1.0249142957494795
1118,2019-02-06 00:00:00-05:00,428.8999938964844,429.8999938964844,406.3999938964844,406.55999755859375,1330800,0.0,0.0,-3.4391057126304414
1119,2019-02-07 00:00:00-05:00,408.2900085449219,414.2200012207031,404.2699890136719,406.4599914550781,738400,0.0,0.0,-0.02459811691168934
1120,2019-02-08 00:00:00-05:00,405.4400024414063,408.0,399.2900085449219,406.8599853515625,692100,0.0,0.0,0.09840916815759826
1121,2019-02-11 00:00:00-05:00,409.3699951171875,413.3500061035156,403.0,408.510009765625,587000,0.0,0.0,0.4055509200878271
1122,2019-02-12 00:00:00-05:00,411.55999755859375,418.1000061035156,408.0199890136719,416.3399963378906,636900,0.0,0.0,1.9167184120550518
1123,2019-02-13 00:00:00-05:00,415.9800109863281,421.6600036621094,411.510009765625,412.0899963378906,349300,0.0,0.0,-1.0208003164199564
1124,2019-02-14 00:00:00-05:00,412.0,416.260009765625,408.5700073242188,414.9700012207031,349600,0.0,0.0,0.6988776501264615
1125,2019-02-15 00:00:00-05:00,417.9700012207031,424.3900146484375,415.7200012207031,423.9700012207031,700000,0.0,0.0,2.1688314754138904
1126,2019-02-19 00:00:00-05:00,423.739990234375,426.4100036621094,420.3500061035156,420.6000061035156,397800,0.0,0.0,-0.7948664074072576
1127,2019-02-20 00:00:00-05:00,420.0,423.3999938964844,417.0799865722656,422.510009765625,411100,0.0,0.0,0.45411403575663645
1128,2019-02-21 00:00:00-05:00,421.80999755859375,422.6099853515625,415.5799865722656,418.6199951171875,406600,0.0,0.0,-0.9206917134567671
1129,2019-02-22 00:00:00-05:00,418.2099914550781,423.6499938964844,416.0,422.5199890136719,386600,0.0,0.0,0.9316310596660937
1130,2019-02-25 00:00:00-05:00,424.9400024414063,426.5299987792969,415.760009765625,420.3800048828125,660400,0.0,0.0,-0.5064811574607253
1131,2019-02-26 00:00:00-05:00,418.5700073242188,428.05999755859375,415.8299865722656,426.1499938964844,611100,0.0,0.0,1.372565047493235
1132,2019-02-27 00:00:00-05:00,424.0,433.739990234375,424.0,433.3299865722656,598800,0.0,0.0,1.68485105681484
1133,2019-02-28 00:00:00-05:00,430.1900024414063,434.3500061035156,428.6199951171875,430.739990234375,518000,0.0,0.0,-0.5976960787731467
1134,2019-03-01 00:00:00-05:00,434.7999877929688,440.0499877929688,431.9299926757813,439.5700073242188,511000,0.0,0.0,2.0499645470668293
1135,2019-03-04 00:00:00-05:00,441.1799926757813,442.0,428.3599853515625,433.8299865722656,769300,0.0,0.0,-1.305826297588919
1136,2019-03-05 00:00:00-05:00,432.1199951171875,439.6499938964844,430.489990234375,437.1300048828125,478300,0.0,0.0,0.7606708647829086
1137,2019-03-06 00:00:00-05:00,436.9299926757813,438.0199890136719,421.30999755859375,423.6900024414063,812300,0.0,0.0,-3.074600757504453
1138,2019-03-07 00:00:00-05:00,422.8999938964844,422.8999938964844,409.1900024414063,409.5799865722656,1020800,0.0,0.0,-3.330268778549239
1139,2019-03-08 00:00:00-05:00,407.510009765625,407.510009765625,399.5799865722656,402.6400146484375,1091700,0.0,0.0,-1.6944118734677605
1140,2019-03-11 00:00:00-04:00,404.1499938964844,413.2099914550781,402.25,412.0499877929688,874200,0.0,0.0,2.337068548129162
1141,2019-03-12 00:00:00-04:00,413.55999755859375,421.7999877929688,411.1900024414063,417.6199951171875,839700,0.0,0.0,1.3517795144353473
1142,2019-03-13 00:00:00-04:00,419.3800048828125,419.6000061035156,408.5299987792969,409.010009765625,988800,0.0,0.0,-2.0616793860999127
1143,2019-03-14 00:00:00-04:00,409.8900146484375,412.3599853515625,406.3399963378906,407.5,925200,0.0,0.0,-0.3691865063376487
1144,2019-03-15 00:00:00-04:00,408.4700012207031,415.0,408.3999938964844,414.4700012207031,1158500,0.0,0.0,1.7104297474118013
1145,2019-03-18 00:00:00-04:00,410.0,413.760009765625,404.8399963378906,407.6000061035156,545700,0.0,0.0,-1.6575373602320753
1146,2019-03-19 00:00:00-04:00,407.739990234375,409.7200012207031,404.3999938964844,406.989990234375,627900,0.0,0.0,-0.14966041707705768
1147,2019-03-20 00:00:00-04:00,407.7900085449219,409.6799926757813,402.8200073242188,405.5,479500,0.0,0.0,-0.3660999705464407
1148,2019-03-21 00:00:00-04:00,401.0,405.1199951171875,396.8399963378906,402.5899963378906,880900,0.0,0.0,-0.7176334555140218
1149,2019-03-22 00:00:00-04:00,401.4800109863281,402.5899963378906,391.4299926757813,391.7999877929688,552600,0.0,0.0,-2.6801482011654
1150,2019-03-25 00:00:00-04:00,391.4200134277344,397.6099853515625,388.489990234375,395.0,431600,0.0,0.0,0.8167463774200412
1151,2019-03-26 00:00:00-04:00,398.7799987792969,406.2300109863281,398.5199890136719,405.6199951171875,674800,0.0,0.0,2.6886063587816533
1152,2019-03-27 00:00:00-04:00,405.0700073242188,407.4500122070313,398.3599853515625,402.8699951171875,450800,0.0,0.0,-0.6779744670144972
1153,2019-03-28 00:00:00-04:00,405.6700134277344,408.30999755859375,402.2999877929688,404.8299865722656,436300,0.0,0.0,0.48650718068690146
1154,2019-03-29 00:00:00-04:00,406.739990234375,412.6000061035156,406.739990234375,410.6199951171875,492300,0.0,0.0,1.4302321312574806
1155,2019-04-01 00:00:00-04:00,412.510009765625,412.8999938964844,408.0,410.0499877929688,496500,0.0,0.0,-0.1388162610191479
1156,2019-04-02 00:00:00-04:00,411.3500061035156,415.8900146484375,407.55999755859375,414.8200073242188,513000,0.0,0.0,1.1632775693821928
1157,2019-04-03 00:00:00-04:00,414.3399963378906,415.1600036621094,400.8399963378906,407.0,789300,0.0,0.0,-1.885156739343763
1158,2019-04-04 00:00:00-04:00,408.0,410.7999877929688,400.8299865722656,406.5299987792969,517300,0.0,0.0,-0.11547941540617224
1159,2019-04-05 00:00:00-04:00,408.1700134277344,412.6300048828125,406.5499877929688,408.9400024414063,657400,0.0,0.0,0.5928230805465784
1160,2019-04-08 00:00:00-04:00,408.0799865722656,410.9400024414063,396.0,401.260009765625,703800,0.0,0.0,-1.8780243140634534
1161,2019-04-09 00:00:00-04:00,400.0,400.3399963378906,395.1400146484375,395.7300109863281,577700,0.0,0.0,-1.3781584620224052
1162,2019-04-10 00:00:00-04:00,397.1799926757813,408.4800109863281,394.3299865722656,408.2300109863281,579700,0.0,0.0,3.1587192411423715
1163,2019-04-11 00:00:00-04:00,410.0,410.1900024414063,391.7300109863281,393.4800109863281,843500,0.0,0.0,-3.613159151225165
1164,2019-04-12 00:00:00-04:00,393.1700134277344,394.5,381.1799926757813,382.9400024414063,1254100,0.0,0.0,-2.678664290595445
1165,2019-04-15 00:00:00-04:00,382.80999755859375,385.989990234375,375.2000122070313,375.5,811500,0.0,0.0,-1.9428637368708146
1166,2019-04-16 00:00:00-04:00,377.8999938964844,383.0,366.3599853515625,367.6900024414063,1054900,0.0,0.0,-2.0798928251913984
1167,2019-04-17 00:00:00-04:00,366.9599914550781,368.0199890136719,342.0199890136719,342.9700012207031,1978400,0.0,0.0,-6.723055034557945
1168,2019-04-18 00:00:00-04:00,346.3999938964844,347.54998779296875,332.2200012207031,333.3399963378906,1920400,0.0,0.0,-2.807827171046229
1169,2019-04-22 00:00:00-04:00,332.5,336.0,329.0,334.0299987792969,921700,0.0,0.0,0.20699659476410837
1170,2019-04-23 00:00:00-04:00,335.510009765625,346.6400146484375,334.4599914550781,344.1400146484375,972700,0.0,0.0,3.0266790126896925
1171,2019-04-24 00:00:00-04:00,344.42999267578125,346.32000732421875,338.6700134277344,340.4599914550781,850700,0.0,0.0,-1.0693389424995425
1172,2019-04-25 00:00:00-04:00,340.3800048828125,351.8999938964844,337.6600036621094,349.989990234375,891200,0.0,0.0,2.7991537973572234
1173,2019-04-26 00:00:00-04:00,351.25,351.6700134277344,339.6099853515625,343.6600036621094,846000,0.0,0.0,-1.8086193173772358
1174,2019-04-29 00:00:00-04:00,343.1300048828125,345.9800109863281,338.6199951171875,344.1499938964844,598100,0.0,0.0,0.1425799421386209
1175,2019-04-30 00:00:00-04:00,343.79998779296875,345.0400085449219,337.9599914550781,343.1400146484375,554800,0.0,0.0,-0.2934706569690304
1176,2019-05-01 00:00:00-04:00,343.0400085449219,345.44000244140625,338.9100036621094,340.7900085449219,503400,0.0,0.0,-0.6848534135324602
1177,2019-05-02 00:00:00-04:00,342.69000244140625,344.2900085449219,331.25,335.4100036621094,812400,0.0,0.0,-1.5786862137724067
1178,2019-05-03 00:00:00-04:00,336.9800109863281,339.7099914550781,334.6700134277344,336.8900146484375,848300,0.0,0.0,0.4412542769055561
1179,2019-05-06 00:00:00-04:00,332.20001220703125,344.9200134277344,332.20001220703125,344.2300109863281,916700,0.0,0.0,2.178751526830003
1180,2019-05-07 00:00:00-04:00,333.0,336.5,318.70001220703125,322.3999938964844,1967300,0.0,0.0,-6.3416949112873215
1181,2019-05-08 00:00:00-04:00,319.3299865722656,329.75,319.3299865722656,329.0,1183700,0.0,0.0,2.0471483338907026
1182,2019-05-09 00:00:00-04:00,325.7900085449219,327.3599853515625,320.739990234375,324.1700134277344,864100,0.0,0.0,-1.4680810250047527
1183,2019-05-10 00:00:00-04:00,323.5599975585937,323.8099975585937,311.3500061035156,312.8599853515625,1407500,0.0,0.0,-3.488918656164708
1184,2019-05-13 00:00:00-04:00,306.6700134277344,309.29998779296875,299.1099853515625,305.1499938964844,1153600,0.0,0.0,-2.4643584402186725
1185,2019-05-14 00:00:00-04:00,306.3500061035156,309.19000244140625,303.5899963378906,304.6199951171875,836900,0.0,0.0,-0.17368467635515694
1186,2019-05-15 00:00:00-04:00,301.95001220703125,306.2699890136719,297.32000732421875,305.8500061035156,784100,0.0,0.0,0.4037853739229824
1187,2019-05-16 00:00:00-04:00,306.2200012207031,314.0599975585937,304.0,308.0400085449219,1049100,0.0,0.0,0.7160380571203939
1188,2019-05-17 00:00:00-04:00,305.79998779296875,309.2099914550781,303.70001220703125,304.94000244140625,756000,0.0,0.0,-1.0063647635120576
1189,2019-05-20 00:00:00-04:00,301.5199890136719,304.57000732421875,297.2699890136719,302.57000732421875,738600,0.0,0.0,-0.7772004650793196
1190,2019-05-21 00:00:00-04:00,304.8800048828125,314.2900085449219,304.8800048828125,309.95001220703125,999900,0.0,0.0,2.4391065552325175
1191,2019-05-22 00:00:00-04:00,308.010009765625,321.489990234375,302.7300109863281,320.0899963378906,1252700,0.0,0.0,3.271490153736911
1192,2019-05-23 00:00:00-04:00,316.760009765625,318.6600036621094,310.3699951171875,315.260009765625,934700,0.0,0.0,-1.5089464299181121
1193,2019-05-24 00:00:00-04:00,316.6600036621094,318.8099975585937,308.4700012207031,312.5599975585937,401100,0.0,0.0,-0.8564398031449039
1194,2019-05-28 00:00:00-04:00,313.3800048828125,315.7900085449219,307.70001220703125,307.92999267578125,718300,0.0,0.0,-1.4813171611778309
1195,2019-05-29 00:00:00-04:00,307.0899963378906,310.6700134277344,302.7799987792969,307.7799987792969,627100,0.0,0.0,-0.04871038874160183
1196,2019-05-30 00:00:00-04:00,308.6099853515625,310.3599853515625,302.8800048828125,307.9599914550781,627800,0.0,0.0,0.05848095278937482
1197,2019-05-31 00:00:00-04:00,305.9800109863281,306.45001220703125,295.7300109863281,301.7200012207031,863500,0.0,0.0,-2.0262340588112493
1198,2019-06-03 00:00:00-04:00,301.1300048828125,309.739990234375,301.1300048828125,303.95001220703125,670200,0.0,0.0,0.7390994887001012
1199,2019-06-04 00:00:00-04:00,306.0299987792969,309.4200134277344,300.5799865722656,302.0599975585937,844600,0.0,0.0,-0.6218175925422287
1200,2019-06-05 00:00:00-04:00,304.8399963378906,304.95001220703125,295.2699890136719,300.0,979900,0.0,0.0,-0.6819829091053609
1201,2019-06-06 00:00:00-04:00,300.1199951171875,304.5299987792969,298.7300109863281,299.6000061035156,767600,0.0,0.0,-0.133331298828121
1202,2019-06-07 00:00:00-04:00,302.0799865722656,307.0,297.8599853515625,306.7200012207031,775500,0.0,0.0,2.3765003244784477
1203,2019-06-10 00:00:00-04:00,306.5400085449219,310.9200134277344,303.510009765625,304.25,726000,0.0,0.0,-0.805295126132255
1204,2019-06-11 00:00:00-04:00,306.8800048828125,309.6199951171875,306.2300109863281,306.8399963378906,554900,0.0,0.0,0.8512724200133492
1205,2019-06-12 00:00:00-04:00,306.8299865722656,309.4700012207031,305.25,306.1600036621094,556000,0.0,0.0,-0.2216114860829399
1206,2019-06-13 00:00:00-04:00,307.17999267578125,308.19000244140625,302.32000732421875,307.4200134277344,653900,0.0,0.0,0.411552701382778
1207,2019-06-14 00:00:00-04:00,306.8099975585937,315.20001220703125,304.0,305.239990234375,624200,0.0,0.0,-0.7091350914509742
1208,2019-06-17 00:00:00-04:00,307.3399963378906,312.9200134277344,301.760009765625,310.9800109863281,587900,0.0,0.0,1.8804943439900246
1209,2019-06-18 00:00:00-04:00,311.1000061035156,317.8399963378906,305.760009765625,306.6300048828125,1001000,0.0,0.0,-1.3988056948479821
1210,2019-06-19 00:00:00-04:00,306.3399963378906,311.8999938964844,303.7699890136719,310.8299865722656,971200,0.0,0.0,1.3697229959795498
1211,2019-06-20 00:00:00-04:00,315.70001220703125,327.8299865722656,315.25,320.4800109863281,1617100,0.0,0.0,3.1045989225428006
1212,2019-06-21 00:00:00-04:00,324.260009765625,324.260009765625,312.0,320.260009765625,1493700,0.0,0.0,-0.06864740800089919
1213,2019-06-24 00:00:00-04:00,318.760009765625,320.32000732421875,311.260009765625,312.54998779296875,780700,0.0,0.0,-2.407425759556636
1214,2019-06-25 00:00:00-04:00,313.1300048828125,317.4200134277344,311.8399963378906,312.8999938964844,702200,0.0,0.0,0.11198404005297036
1215,2019-06-26 00:00:00-04:00,313.25,316.6499938964844,300.5199890136719,305.0799865722656,1005000,0.0,0.0,-2.4992034121949613
1216,2019-06-27 00:00:00-04:00,306.239990234375,311.57000732421875,304.07000732421875,310.6700134277344,564700,0.0,0.0,1.8323151637299029
1217,2019-06-28 00:00:00-04:00,312.1199951171875,316.25,311.239990234375,313.0,1499000,0.0,0.0,0.7499875982744708
1218,2019-07-01 00:00:00-04:00,317.6099853515625,318.6000061035156,313.1499938964844,316.5599975585937,688700,0.0,0.0,1.137379411691275
1219,2019-07-02 00:00:00-04:00,317.6199951171875,320.42999267578125,313.0,315.5299987792969,758200,0.0,0.0,-0.3253723740335057
1220,2019-07-03 00:00:00-04:00,317.4200134277344,320.3599853515625,312.5299987792969,318.3900146484375,545000,0.0,0.0,0.906416467595883
1221,2019-07-05 00:00:00-04:00,316.1499938964844,320.760009765625,306.0799865722656,307.0,799600,0.0,0.0,-3.5773780974300395
1222,2019-07-08 00:00:00-04:00,305.1000061035156,305.8599853515625,296.8099975585937,302.8399963378906,928800,0.0,0.0,-1.3550500528043519
1223,2019-07-09 00:00:00-04:00,300.9200134277344,308.3900146484375,300.0,307.9700012207031,789800,0.0,0.0,1.6939654420972783
1224,2019-07-10 00:00:00-04:00,308.1499938964844,309.8399963378906,291.6600036621094,301.42999267578125,1533800,0.0,0.0,-2.123586232100272
1225,2019-07-11 00:00:00-04:00,296.989990234375,296.989990234375,288.0,291.82000732421875,1414200,0.0,0.0,-3.1881317669336995
1226,2019-07-12 00:00:00-04:00,292.1199951171875,295.489990234375,287.6600036621094,292.5599975585937,648400,0.0,0.0,0.25357762175395315
1227,2019-07-15 00:00:00-04:00,292.9800109863281,300.3399963378906,289.5299987792969,298.20001220703125,875900,0.0,0.0,1.9278147031389636
1228,2019-07-16 00:00:00-04:00,299.19000244140625,299.69000244140625,295.7799987792969,298.3699951171875,492500,0.0,0.0,0.057002985646503745
1229,2019-07-17 00:00:00-04:00,297.260009765625,303.29998779296875,297.0799865722656,299.4200134277344,646300,0.0,0.0,0.3519181981199049
1230,2019-07-18 00:00:00-04:00,299.7900085449219,304.20001220703125,297.20001220703125,303.0899963378906,548000,0.0,0.0,1.2256972632332053
1231,2019-07-19 00:00:00-04:00,303.5199890136719,303.67999267578125,296.3500061035156,298.1099853515625,692700,0.0,0.0,-1.6430799585929967
1232,2019-07-22 00:00:00-04:00,298.20001220703125,300.32000732421875,294.70001220703125,296.5199890136719,609000,0.0,0.0,-0.5333589668308325
1233,2019-07-23 00:00:00-04:00,298.3399963378906,310.8699951171875,296.9100036621094,309.260009765625,992100,0.0,0.0,4.296513295555848
1234,2019-07-24 00:00:00-04:00,310.8699951171875,314.2900085449219,303.5899963378906,313.6300048828125,1144900,0.0,0.0,1.413048884173329
1235,2019-07-25 00:00:00-04:00,311.1199951171875,311.5199890136719,302.9200134277344,303.4200134277344,679500,0.0,0.0,-3.255425595804551
1236,2019-07-26 00:00:00-04:00,304.3500061035156,309.7300109863281,300.6099853515625,309.17999267578125,956700,0.0,0.0,1.8983517873380817
1237,2019-07-29 00:00:00-04:00,314.5,314.95001220703125,302.8099975585937,306.0400085449219,691600,0.0,0.0,-1.0155845155711885
1238,2019-07-30 00:00:00-04:00,304.3099975585937,311.2699890136719,303.5199890136719,311.1300048828125,512700,0.0,0.0,1.6631800404434571
1239,2019-07-31 00:00:00-04:00,309.79998779296875,312.260009765625,301.20001220703125,304.760009765625,690600,0.0,0.0,-2.0473740935358364
1240,2019-08-01 00:00:00-04:00,306.67999267578125,313.92999267578125,304.6099853515625,309.42999267578125,704200,0.0,0.0,1.5323476704662387
1241,2019-08-02 00:00:00-04:00,308.95001220703125,311.1099853515625,303.0599975585937,305.239990234375,506500,0.0,0.0,-1.3541035260264844
1242,2019-08-05 00:00:00-04:00,302.1499938964844,304.0,296.5199890136719,299.57000732421875,845300,0.0,0.0,-1.8575491716542825
1243,2019-08-06 00:00:00-04:00,304.4800109863281,306.0,293.3999938964844,300.260009765625,1188200,0.0,0.0,0.2303309492059702
1244,2019-08-07 00:00:00-04:00,297.6600036621094,304.6099853515625,294.010009765625,302.2200012207031,811600,0.0,0.0,0.6527647343407716
1245,2019-08-08 00:00:00-04:00,303.1199951171875,310.0799865722656,303.1199951171875,309.8699951171875,694000,0.0,0.0,2.531266582484659
1246,2019-08-09 00:00:00-04:00,308.8399963378906,310.17999267578125,299.9800109863281,304.8900146484375,537200,0.0,0.0,-1.6071192910648402
1247,2019-08-12 00:00:00-04:00,298.6400146484375,305.1000061035156,295.6099853515625,295.8699951171875,543400,0.0,0.0,-2.958450292854231
1248,2019-08-13 00:00:00-04:00,298.1300048828125,307.6700134277344,296.94000244140625,304.8599853515625,610800,0.0,0.0,3.038493386534258
1249,2019-08-14 00:00:00-04:00,301.8299865722656,304.29998779296875,292.4200134277344,293.5299987792969,676400,0.0,0.0,-3.7164557884498906
1250,2019-08-15 00:00:00-04:00,295.3699951171875,296.9100036621094,290.4700012207031,293.1099853515625,564000,0.0,0.0,-0.14309046076417253
1251,2019-08-16 00:00:00-04:00,295.32000732421875,297.3500061035156,290.7200012207031,296.8500061035156,730200,0.0,0.0,1.275978621972662
1252,2019-08-19 00:00:00-04:00,299.3399963378906,300.82000732421875,296.79998779296875,298.3800048828125,781200,0.0,0.0,0.5154114023374401
1253,2019-08-20 00:00:00-04:00,299.2099914550781,301.0,294.989990234375,296.0299987792969,571500,0.0,0.0,-0.7875883320125898
1254,2019-08-21 00:00:00-04:00,297.9800109863281,300.510009765625,295.0199890136719,297.7799987792969,451700,0.0,0.0,0.5911563041638646
1255,2019-08-22 00:00:00-04:00,297.5,298.95001220703125,291.6099853515625,295.0199890136719,441400,0.0,0.0,-0.9268620380613934
1256,2019-08-23 00:00:00-04:00,293.9599914550781,296.260009765625,285.54998779296875,286.8500061035156,815800,0.0,0.0,-2.769298086367167
1257,2019-08-26 00:00:00-04:00,288.239990234375,290.3699951171875,283.489990234375,284.7300109863281,527500,0.0,0.0,-0.7390605097015279
1258,2019-08-27 00:00:00-04:00,285.8699951171875,291.1400146484375,281.1099853515625,281.4100036621094,801500,0.0,0.0,-1.1660194556653791
1259,2019-08-28 00:00:00-04:00,280.0400085449219,290.2900085449219,279.3900146484375,287.6400146484375,713600,0.0,0.0,2.213855550710453
1260,2019-08-29 00:00:00-04:00,289.7900085449219,292.70001220703125,287.0899963378906,290.57000732421875,509300,0.0,0.0,1.0186318059267174
1261,2019-08-30 00:00:00-04:00,292.0199890136719,293.4599914550781,287.25,290.04998779296875,604500,0.0,0.0,-0.178965315807611
1262,2019-09-03 00:00:00-04:00,289.20001220703125,290.3900146484375,281.25,285.1199951171875,566000,0.0,0.0,-1.6997044934544792
1263,2019-09-04 00:00:00-04:00,288.2099914550781,288.989990234375,282.3099975585937,286.5,628600,0.0,0.0,0.48400845484206645
1264,2019-09-05 00:00:00-04:00,287.94000244140625,293.6400146484375,287.94000244140625,289.3699951171875,494100,0.0,0.0,1.00174349640052
1265,2019-09-06 00:00:00-04:00,290.45001220703125,293.20001220703125,287.6700134277344,292.0,570100,0.0,0.0,0.9088726983415896
1266,2019-09-09 00:00:00-04:00,291.5299987792969,291.92999267578125,278.7200012207031,279.0,927500,0.0,0.0,-4.452054794520544
1267,2019-09-10 00:00:00-04:00,279.0299987792969,285.04998779296875,271.57000732421875,283.7200012207031,1159800,0.0,0.0,1.6917567099294262
1268,2019-09-11 00:00:00-04:00,284.0,287.4800109863281,282.54998779296875,283.3299865722656,517600,0.0,0.0,-0.13746462947957783
1269,2019-09-12 00:00:00-04:00,284.6400146484375,288.8800048828125,281.010009765625,284.17999267578125,539800,0.0,0.0,0.30000569787864695
1270,2019-09-13 00:00:00-04:00,283.8399963378906,287.0,279.4700012207031,281.6199951171875,617100,0.0,0.0,-0.9008366614726593
1271,2019-09-16 00:00:00-04:00,280.5,287.2799987792969,280.5,285.8900146484375,476100,0.0,0.0,1.5162345022672108
1272,2019-09-17 00:00:00-04:00,284.7699890136719,288.8900146484375,283.6499938964844,288.1199951171875,604700,0.0,0.0,0.7800134158208571
1273,2019-09-18 00:00:00-04:00,288.54998779296875,288.54998779296875,281.3999938964844,285.0599975585937,548800,0.0,0.0,-1.0620566466930548
1274,2019-09-19 00:00:00-04:00,284.6600036621094,287.95001220703125,284.6600036621094,286.1499938964844,404900,0.0,0.0,0.3823743588107664
1275,2019-09-20 00:00:00-04:00,288.75,297.6400146484375,286.67999267578125,295.8699951171875,1661800,0.0,0.0,3.396820348778129
1276,2019-09-23 00:00:00-04:00,297.3599853515625,299.9800109863281,293.0299987792969,294.70001220703125,649400,0.0,0.0,-0.39543817536916714
1277,2019-09-24 00:00:00-04:00,295.0199890136719,296.0,287.6199951171875,289.7099914550781,642300,0.0,0.0,-1.693254341790651
1278,2019-09-25 00:00:00-04:00,290.2099914550781,291.8999938964844,286.3299865722656,286.6499938964844,468800,0.0,0.0,-1.056227830881773
1279,2019-09-26 00:00:00-04:00,287.70001220703125,287.70001220703125,277.8599853515625,281.3099975585937,855900,0.0,0.0,-1.862897767867766
1280,2019-09-27 00:00:00-04:00,280.45001220703125,282.8099975585937,271.3699951171875,273.4599914550781,770400,0.0,0.0,-2.790517994967634
1281,2019-09-30 00:00:00-04:00,275.29998779296875,280.04998779296875,272.0199890136719,277.3999938964844,515100,0.0,0.0,1.4407966666134753
1282,2019-10-01 00:00:00-04:00,277.2699890136719,279.4100036621094,273.3999938964844,276.4700012207031,589600,0.0,0.0,-0.33525331515626977
1283,2019-10-02 00:00:00-04:00,275.3099975585937,277.8599853515625,272.260009765625,274.1300048828125,572100,0.0,0.0,-0.8463834512094648
1284,2019-10-03 00:00:00-04:00,274.3500061035156,281.70001220703125,272.2699890136719,280.7200012207031,632000,0.0,0.0,2.403967541133545
1285,2019-10-04 00:00:00-04:00,281.6600036621094,284.0400085449219,278.0,282.92999267578125,511900,0.0,0.0,0.7872582806597528
1286,2019-10-07 00:00:00-04:00,280.6600036621094,287.7699890136719,280.6600036621094,283.8099975585937,422700,0.0,0.0,0.31103273092043526
1287,2019-10-08 00:00:00-04:00,280.510009765625,288.6300048828125,279.2200012207031,285.1000061035156,984000,0.0,0.0,0.45453245340858484
1288,2019-10-09 00:00:00-04:00,286.82000732421875,292.25,286.0899963378906,290.8299865722656,980600,0.0,0.0,2.0098142217048975
1289,2019-10-10 00:00:00-04:00,289.3800048828125,299.95001220703125,288.9800109863281,298.3599853515625,960600,0.0,0.0,2.5891411226351746
1290,2019-10-11 00:00:00-04:00,300.1099853515625,306.4200134277344,298.8999938964844,300.7699890136719,1074600,0.0,0.0,0.807750295090548
1291,2019-10-14 00:00:00-04:00,299.3999938964844,310.1499938964844,298.6000061035156,305.44000244140625,840700,0.0,0.0,1.5526859721107567
1292,2019-10-15 00:00:00-04:00,305.3500061035156,306.9599914550781,303.0,303.82000732421875,731900,0.0,0.0,-0.5303807963065621
1293,2019-10-16 00:00:00-04:00,302.260009765625,303.3900146484375,298.2799987792969,299.3999938964844,827000,0.0,0.0,-1.454813152913137
1294,2019-10-17 00:00:00-04:00,301.2099914550781,302.7099914550781,299.94000244140625,301.57000732421875,445700,0.0,0.0,0.724787398788207
1295,2019-10-18 00:00:00-04:00,303.510009765625,303.510009765625,298.70001220703125,300.19000244140625,530000,0.0,0.0,-0.45760680747302107
1296,2019-10-21 00:00:00-04:00,301.9700012207031,301.9700012207031,294.8599853515625,297.989990234375,496800,0.0,0.0,-0.7328732433255047
1297,2019-10-22 00:00:00-04:00,305.0,306.92999267578125,301.20001220703125,301.3099975585937,723200,0.0,0.0,1.114133841075482
1298,2019-10-23 00:00:00-04:00,301.8599853515625,307.07000732421875,299.4700012207031,305.0199890136719,589300,0.0,0.0,1.2312872075732395
1299,2019-10-24 00:00:00-04:00,303.75,306.0899963378906,299.2200012207031,305.7699890136719,565800,0.0,0.0,0.24588552456028534
1300,2019-10-25 00:00:00-04:00,305.2799987792969,308.010009765625,301.7900085449219,306.2099914550781,412800,0.0,0.0,0.1438998126747304
1301,2019-10-28 00:00:00-04:00,305.6199951171875,310.5299987792969,303.2200012207031,308.5599975585937,384800,0.0,0.0,0.7674491914351211
1302,2019-10-29 00:00:00-04:00,310.0,313.3900146484375,308.5899963378906,310.4599914550781,387600,0.0,0.0,0.6157615736056776
1303,2019-10-30 00:00:00-04:00,310.1000061035156,311.7900085449219,306.1199951171875,311.0,604400,0.0,0.0,0.17393820775133406
1304,2019-10-31 00:00:00-04:00,310.6199951171875,311.3800048828125,303.489990234375,306.2799987792969,741100,0.0,0.0,-1.51768527996885
1305,2019-11-01 00:00:00-04:00,309.0,313.1600036621094,307.44000244140625,310.4800109863281,829800,0.0,0.0,1.3712982316085753
1306,2019-11-04 00:00:00-05:00,313.04998779296875,315.94000244140625,310.739990234375,311.0400085449219,632800,0.0,0.0,0.1803650923660971
1307,2019-11-05 00:00:00-05:00,323.3599853515625,344.1000061035156,322.1099853515625,332.6000061035156,2345700,0.0,0.0,6.931583386797646
1308,2019-11-06 00:00:00-05:00,331.3699951171875,333.2799987792969,324.2699890136719,324.489990234375,1017700,0.0,0.0,-2.4383691281762987
1309,2019-11-07 00:00:00-05:00,329.17999267578125,333.7200012207031,325.6199951171875,326.3900146484375,952300,0.0,0.0,0.5855417643823468
1310,2019-11-08 00:00:00-05:00,327.5199890136719,342.4700012207031,327.0299987792969,341.7900085449219,1106100,0.0,0.0,4.718279728340358
1311,2019-11-11 00:00:00-05:00,340.3399963378906,344.989990234375,338.7099914550781,344.2799987792969,611900,0.0,0.0,0.7285146353386507
1312,2019-11-12 00:00:00-05:00,344.0,349.94000244140625,341.3599853515625,348.4100036621094,905400,0.0,0.0,1.1996063952178782
1313,2019-11-13 00:00:00-05:00,346.3299865722656,349.6300048828125,341.82000732421875,348.29998779296875,1009400,0.0,0.0,-0.031576552907275346
1314,2019-11-14 00:00:00-05:00,349.79998779296875,350.0,337.0299987792969,338.3900146484375,1029600,0.0,0.0,-2.8452407384010003
1315,2019-11-15 00:00:00-05:00,340.95001220703125,349.8599853515625,338.7099914550781,344.8699951171875,912200,0.0,0.0,1.9149443506724761
1316,2019-11-18 00:00:00-05:00,342.5899963378906,344.2099914550781,337.5299987792969,340.19000244140625,622500,0.0,0.0,-1.357030980381746
1317,2019-11-19 00:00:00-05:00,344.17999267578125,348.19000244140625,340.2099914550781,344.4599914550781,630800,0.0,0.0,1.2551776898285905
1318,2019-11-20 00:00:00-05:00,341.9800109863281,347.4200134277344,341.9800109863281,344.239990234375,1058100,0.0,0.0,-0.06386843934291786
1319,2019-11-21 00:00:00-05:00,343.6000061035156,353.0,341.6099853515625,350.7799987792969,858300,0.0,0.0,1.899839858951058
1320,2019-11-22 00:00:00-05:00,350.92999267578125,365.739990234375,350.92999267578125,360.6600036621094,1286400,0.0,0.0,2.816581594502132
1321,2019-11-25 00:00:00-05:00,362.4400024414063,367.0199890136719,358.4800109863281,366.8200073242188,845000,0.0,0.0,1.7079808128323881
1322,2019-11-26 00:00:00-05:00,366.8699951171875,367.3999938964844,361.760009765625,363.8299865722656,735100,0.0,0.0,-0.8151193207164398
1323,2019-11-27 00:00:00-05:00,365.0700073242188,372.5899963378906,364.6199951171875,371.5799865722656,734400,0.0,0.0,2.1301157919979996
1324,2019-11-29 00:00:00-05:00,372.05999755859375,372.4700012207031,366.7699890136719,369.0,463600,0.0,0.0,-0.694328722078219
1325,2019-12-02 00:00:00-05:00,368.1799926757813,369.0,363.0700073242188,366.0799865722656,652200,0.0,0.0,-0.7913315522315334
1326,2019-12-03 00:00:00-05:00,366.989990234375,369.5,363.3999938964844,368.80999755859375,929700,0.0,0.0,0.7457416647903115
1327,2019-12-04 00:00:00-05:00,369.1900024414063,373.3399963378906,367.5700073242188,369.9700012207031,605000,0.0,0.0,0.3145260892568613
1328,2019-12-05 00:00:00-05:00,370.9700012207031,372.0,366.1600036621094,368.3399963378906,501800,0.0,0.0,-0.4405775812726276
1329,2019-12-06 00:00:00-05:00,369.5199890136719,373.7300109863281,368.2999877929688,372.260009765625,575900,0.0,0.0,1.0642377875625497
1330,2019-12-09 00:00:00-05:00,373.0899963378906,373.0899963378906,362.8900146484375,365.6300048828125,974400,0.0,0.0,-1.781014535240233
1331,2019-12-10 00:00:00-05:00,357.1499938964844,372.1499938964844,357.0,367.6700134277344,1061600,0.0,0.0,0.5579434175747355
1332,2019-12-11 00:00:00-05:00,368.3999938964844,376.6799926757813,368.25,373.5299987792969,935700,0.0,0.0,1.5938165032635343
1333,2019-12-12 00:00:00-05:00,374.1000061035156,382.25,372.0799865722656,372.1600036621094,949900,0.0,0.0,-0.366769769942088
1334,2019-12-13 00:00:00-05:00,376.1600036621094,379.1799926757813,372.55999755859375,376.4200134277344,995900,0.0,0.0,1.144671572362932
1335,2019-12-16 00:00:00-05:00,367.8399963378906,377.2200012207031,367.7099914550781,376.010009765625,756600,0.0,0.0,-0.10892185523714293
1336,2019-12-17 00:00:00-05:00,375.7300109863281,375.7300109863281,368.2200012207031,369.1000061035156,1002900,0.0,0.0,-1.8377180082031708
1337,2019-12-18 00:00:00-05:00,370.2999877929688,373.6300048828125,368.7300109863281,371.3599853515625,831300,0.0,0.0,0.6122945572135885
1338,2019-12-19 00:00:00-05:00,371.9500122070313,373.9800109863281,363.1400146484375,372.5499877929688,903700,0.0,0.0,0.3204444442983734
1339,2019-12-20 00:00:00-05:00,374.9400024414063,375.7999877929688,371.010009765625,375.6199951171875,1192800,0.0,0.0,0.8240524559954387
1340,2019-12-23 00:00:00-05:00,377.2000122070313,377.8800048828125,372.55999755859375,374.2000122070313,431200,0.0,0.0,-0.37803709297029586
1341,2019-12-24 00:00:00-05:00,374.75,376.7099914550781,372.510009765625,376.510009765625,221500,0.0,0.0,0.6173162702399093
1342,2019-12-26 00:00:00-05:00,376.760009765625,377.760009765625,374.0,374.8599853515625,451900,0.0,0.0,-0.4382418451742143
1343,2019-12-27 00:00:00-05:00,375.239990234375,375.9500122070313,370.9700012207031,373.3200073242188,293000,0.0,0.0,-0.4108141939714982
1344,2019-12-30 00:00:00-05:00,373.739990234375,375.8200073242188,371.0400085449219,373.7000122070313,369200,0.0,0.0,0.10179065556550349
1345,2019-12-31 00:00:00-05:00,373.6400146484375,376.7099914550781,372.0400085449219,375.4800109863281,494600,0.0,0.0,0.4763175598481606
1346,2020-01-02 00:00:00-05:00,378.0,379.0,369.239990234375,373.3500061035156,512400,0.0,0.0,-0.5672751732421988
1347,2020-01-03 00:00:00-05:00,368.2099914550781,372.3500061035156,367.0499877929688,369.1600036621094,500800,0.0,0.0,-1.1222719627449362
1348,2020-01-06 00:00:00-05:00,368.2300109863281,372.1400146484375,364.5,371.739990234375,690800,0.0,0.0,0.6988803084494233
1349,2020-01-07 00:00:00-05:00,371.55999755859375,373.8299865722656,368.0199890136719,373.1300048828125,736400,0.0,0.0,0.3739212043237794
1350,2020-01-08 00:00:00-05:00,373.1799926757813,384.8500061035156,370.7099914550781,382.4200134277344,743100,0.0,0.0,2.48975113857155
1351,2020-01-09 00:00:00-05:00,383.6300048828125,386.5400085449219,381.3699951171875,383.4700012207031,587500,0.0,0.0,0.2745640280584327
1352,2020-01-10 00:00:00-05:00,384.6199951171875,386.1000061035156,380.0,381.4100036621094,568100,0.0,0.0,-0.5371991425759837
1353,2020-01-13 00:00:00-05:00,380.010009765625,380.3399963378906,375.1300048828125,378.9299926757813,637200,0.0,0.0,-0.6502217987247927
1354,2020-01-14 00:00:00-05:00,378.2999877929688,388.4200134277344,375.5700073242188,387.6199951171875,638900,0.0,0.0,2.2933002426233084
1355,2020-01-15 00:00:00-05:00,387.4200134277344,396.4700012207031,387.4200134277344,390.75,680700,0.0,0.0,0.8074931433468047
1356,2020-01-16 00:00:00-05:00,393.1700134277344,394.0,381.8200073242188,385.5700073242188,620500,0.0,0.0,-1.3256539157469494
1357,2020-01-17 00:00:00-05:00,386.1000061035156,386.6000061035156,382.5299987792969,385.9400024414063,862800,0.0,0.0,0.09596055454499375
1358,2020-01-21 00:00:00-05:00,385.8999938964844,386.30999755859375,363.6799926757813,363.7099914550781,1488400,0.0,0.0,-5.759965498705499
1359,2020-01-22 00:00:00-05:00,365.7200012207031,367.1400146484375,356.4599914550781,359.1400146484375,1320300,0.0,0.0,-1.256489212286338
1360,2020-01-23 00:00:00-05:00,359.4200134277344,360.4500122070313,354.2099914550781,356.6000061035156,737600,0.0,0.0,-0.7072474359083314
1361,2020-01-24 00:00:00-05:00,359.9100036621094,359.9100036621094,343.0899963378906,345.2799987792969,1103100,0.0,0.0,-3.174427125761947
1362,2020-01-27 00:00:00-05:00,341.20001220703125,343.32000732421875,336.1700134277344,339.4200134277344,775000,0.0,0.0,-1.6971690721385269
1363,2020-01-28 00:00:00-05:00,341.6000061035156,345.7699890136719,337.29998779296875,344.0799865722656,729500,0.0,0.0,1.3729223263740709
1364,2020-01-29 00:00:00-05:00,346.25,347.9700012207031,338.8999938964844,339.25,558600,0.0,0.0,-1.4037394677854031
1365,2020-01-30 00:00:00-05:00,335.67999267578125,337.57000732421875,331.57000732421875,336.17999267578125,664100,0.0,0.0,-0.9049395207719191
1366,2020-01-31 00:00:00-05:00,333.1700134277344,338.9800109863281,328.1300048828125,337.94000244140625,988600,0.0,0.0,0.5235319780979353
1367,2020-02-03 00:00:00-05:00,339.69000244140625,347.0,339.3900146484375,341.1199951171875,930100,0.0,0.0,0.9409932688666078
1368,2020-02-04 00:00:00-05:00,347.8999938964844,359.489990234375,347.6199951171875,356.0,956800,0.0,0.0,4.362102807166335
1369,2020-02-05 00:00:00-05:00,364.8399963378906,376.6799926757813,363.0,372.1600036621094,1404400,0.0,0.0,4.539326871379035
1370,2020-02-06 00:00:00-05:00,385.5299987792969,394.6799926757813,375.0299987792969,389.8500061035156,1605500,0.0,0.0,4.753332509494301
1371,2020-02-07 00:00:00-05:00,391.0700073242188,391.3699951171875,378.510009765625,381.8699951171875,1172400,0.0,0.0,-2.046943917248323
1372,2020-02-10 00:00:00-05:00,378.1600036621094,389.8399963378906,377.4400024414063,386.2099914550781,939500,0.0,0.0,1.1365114812329713
1373,2020-02-11 00:00:00-05:00,390.2099914550781,398.0,387.9800109863281,396.75,992800,0.0,0.0,2.7290874855959935
1374,2020-02-12 00:00:00-05:00,398.1300048828125,407.0499877929688,397.6400146484375,406.2999877929688,1076200,0.0,0.0,2.4070542641383197
1375,2020-02-13 00:00:00-05:00,406.4400024414063,408.0,398.1000061035156,398.80999755859375,656800,0.0,0.0,-1.843463071476048
1376,2020-02-14 00:00:00-05:00,399.1000061035156,402.0899963378906,393.3900146484375,399.5499877929688,536800,0.0,0.0,0.18554956969611958
1377,2020-02-18 00:00:00-05:00,396.8200073242188,402.0,395.010009765625,397.6499938964844,512200,0.0,0.0,-0.47553346377998684
1378,2020-02-19 00:00:00-05:00,397.8599853515625,402.2099914550781,395.30999755859375,400.80999755859375,564000,0.0,0.0,0.7946696116213126
1379,2020-02-20 00:00:00-05:00,399.8999938964844,401.0899963378906,393.760009765625,399.1400146484375,660800,0.0,0.0,-0.4166520097623305
1380,2020-02-21 00:00:00-05:00,396.0700073242188,404.5400085449219,392.8599853515625,403.1499938964844,655300,0.0,0.0,1.0046547830036223
1381,2020-02-24 00:00:00-05:00,395.5400085449219,426.3599853515625,386.8399963378906,425.3800048828125,2959700,0.0,0.0,5.514079455011989
1382,2020-02-25 00:00:00-05:00,437.25,457.6000061035156,437.0,442.3500061035156,3568800,0.0,0.0,3.9893744477665694
1383,2020-02-26 00:00:00-05:00,444.0199890136719,461.3399963378906,442.4400024414063,457.9200134277344,2299300,0.0,0.0,3.5198388401457725
1384,2020-02-27 00:00:00-05:00,468.55999755859375,470.0,430.7000122070313,431.6099853515625,2093500,0.0,0.0,-5.745551036136121
1385,2020-02-28 00:00:00-05:00,422.3699951171875,445.0499877929688,418.2200012207031,444.5700073242188,1591000,0.0,0.0,3.0027159733341025
1386,2020-03-02 00:00:00-05:00,445.0,465.510009765625,445.0,464.75,1713100,0.0,0.0,4.539215948741271
1387,2020-03-03 00:00:00-05:00,454.7200012207031,467.6900024414063,448.1099853515625,461.5499877929688,1210600,0.0,0.0,-0.6885448535839056
1388,2020-03-04 00:00:00-05:00,467.9599914550781,494.55999755859375,467.1300048828125,493.4800109863281,1960700,0.0,0.0,6.917998924892554
1389,2020-03-05 00:00:00-05:00,480.9400024414063,500.0,480.0,488.1700134277344,1270200,0.0,0.0,-1.0760309314212235
1390,2020-03-06 00:00:00-05:00,477.2900085449219,496.989990234375,477.0,494.4299926757813,1130700,0.0,0.0,1.2823358821431707
1391,2020-03-09 00:00:00-04:00,466.9400024414063,486.6900024414063,466.1499938964844,474.4400024414063,1344100,0.0,0.0,-4.043037544343164
1392,2020-03-10 00:00:00-04:00,488.4500122070313,488.7099914550781,460.7999877929688,475.0199890136719,1390500,0.0,0.0,0.12224655789583316
1393,2020-03-11 00:00:00-04:00,479.1099853515625,485.9800109863281,459.6099853515625,464.7000122070313,1351800,0.0,0.0,-2.1725352712143486
1394,2020-03-12 00:00:00-04:00,444.3599853515625,451.9599914550781,426.1000061035156,431.8900146484375,1627800,0.0,0.0,-7.060468409020926
1395,2020-03-13 00:00:00-04:00,445.010009765625,466.0400085449219,418.010009765625,465.5499877929688,1380700,0.0,0.0,7.7936446787108205
1396,2020-03-16 00:00:00-04:00,452.510009765625,484.5799865722656,433.8200073242188,440.8299865722656,1926300,0.0,0.0,-5.309848967646458
1397,2020-03-17 00:00:00-04:00,494.0,512.97998046875,473.0,491.6900024414063,3856500,0.0,0.0,11.537331265645001
1398,2020-03-18 00:00:00-04:00,495.7799987792969,499.0,455.55999755859375,485.0,2529500,0.0,0.0,-1.3606138843963
1399,2020-03-19 00:00:00-04:00,483.9299926757813,518.0,469.4500122070313,489.8299865722656,2358200,0.0,0.0,0.9958735200547686
1400,2020-03-20 00:00:00-04:00,493.010009765625,499.5,435.010009765625,438.4500122070313,2027000,0.0,0.0,-10.489348503300366
1401,2020-03-23 00:00:00-04:00,449.8399963378906,477.0,433.2799987792969,455.6300048828125,1829300,0.0,0.0,3.918346948903495
1402,2020-03-24 00:00:00-04:00,468.2200012207031,471.989990234375,424.010009765625,449.5299987792969,1615700,0.0,0.0,-1.3388069350447007
1403,2020-03-25 00:00:00-04:00,443.0400085449219,458.8299865722656,427.0799865722656,429.7799987792969,1288000,0.0,0.0,-4.393477644124156
1404,2020-03-26 00:00:00-04:00,426.510009765625,452.7000122070313,424.0199890136719,452.2999877929688,1686200,0.0,0.0,5.239887634984264
1405,2020-03-27 00:00:00-04:00,446.0299987792969,465.7900085449219,445.1499938964844,449.5199890136719,1109000,0.0,0.0,-0.6146360500388526
1406,2020-03-30 00:00:00-04:00,463.0899963378906,476.1000061035156,461.0,473.0,1337000,0.0,0.0,5.223351922090824
1407,2020-03-31 00:00:00-04:00,474.0,495.4800109863281,463.7999877929688,488.2900085449219,1953200,0.0,0.0,3.2325599460722776
1408,2020-04-01 00:00:00-04:00,484.1400146484375,499.989990234375,476.4500122070313,496.6499938964844,1679800,0.0,0.0,1.7120942893086966
1409,2020-04-02 00:00:00-04:00,494.2900085449219,501.0,483.1099853515625,498.75,1058900,0.0,0.0,0.4228342151058939
1410,2020-04-03 00:00:00-04:00,495.55999755859375,503.260009765625,485.0400085449219,493.3200073242188,1169500,0.0,0.0,-1.0887203359962294
1411,2020-04-06 00:00:00-04:00,503.3800048828125,511.010009765625,488.8900146484375,504.2699890136719,1285500,0.0,0.0,2.219650840606713
1412,2020-04-07 00:00:00-04:00,502.80999755859375,509.739990234375,492.010009765625,501.510009765625,1046900,0.0,0.0,-0.5473217340268954
1413,2020-04-08 00:00:00-04:00,502.2099914550781,514.1099853515625,488.0,512.3300170898438,1167100,0.0,0.0,2.157485815542426
1414,2020-04-09 00:00:00-04:00,510.1000061035156,515.6400146484375,500.8699951171875,512.9600219726562,1011800,0.0,0.0,0.12296856748528207
1415,2020-04-13 00:00:00-04:00,512.010009765625,519.0,504.1199951171875,517.02001953125,789800,0.0,0.0,0.7914842063091898
1416,2020-04-14 00:00:00-04:00,524.6199951171875,525.9000244140625,517.0,524.8400268554688,962600,0.0,0.0,1.512515382152646
1417,2020-04-15 00:00:00-04:00,525.2999877929688,527.0999755859375,510.5,511.6900024414063,836800,0.0,0.0,-2.505530016993862
1418,2020-04-16 00:00:00-04:00,518.9199829101562,541.969970703125,517.6199951171875,539.9299926757812,1206300,0.0,0.0,5.518964626948852
1419,2020-04-17 00:00:00-04:00,549.989990234375,572.5,539.1400146484375,568.7899780273438,2133500,0.0,0.0,5.345134692099318
1420,2020-04-20 00:00:00-04:00,566.7100219726562,574.3200073242188,560.3900146484375,567.989990234375,949300,0.0,0.0,-0.14064730812297643
1421,2020-04-21 00:00:00-04:00,566.0599975585938,568.989990234375,536.7999877929688,544.4600219726562,1026300,0.0,0.0,-4.14267305168694
1422,2020-04-22 00:00:00-04:00,555.5,563.3699951171875,540.9500122070312,558.0800170898438,825800,0.0,0.0,2.501560182112228
1423,2020-04-23 00:00:00-04:00,558.9299926757812,573.1599731445312,557.489990234375,565.52001953125,739500,0.0,0.0,1.3331425984759004
1424,2020-04-24 00:00:00-04:00,573.6400146484375,574.0,556.469970703125,566.2100219726562,837100,0.0,0.0,0.12201202743948869
1425,2020-04-27 00:00:00-04:00,563.1500244140625,565.6799926757812,539.1500244140625,547.52001953125,1467800,0.0,0.0,-3.3008957305790787
1426,2020-04-28 00:00:00-04:00,537.47998046875,539.97998046875,522.4199829101562,528.6099853515625,1128200,0.0,0.0,-3.453761233402386
1427,2020-04-29 00:00:00-04:00,532.6400146484375,533.1699829101562,513.8099975585938,516.1500244140625,1306300,0.0,0.0,-2.3571179665123565
1428,2020-04-30 00:00:00-04:00,513.989990234375,527.4299926757812,507.6900024414063,525.8800048828125,938000,0.0,0.0,1.885107044176837
1429,2020-05-01 00:00:00-04:00,524.22998046875,529.2100219726562,514.5499877929688,525.5,482200,0.0,0.0,-0.07226075897242001
1430,2020-05-04 00:00:00-04:00,528.1799926757812,544.2000122070312,527.6199951171875,541.8200073242188,885600,0.0,0.0,3.1056150949988037
1431,2020-05-05 00:00:00-04:00,563.0599975585938,581.0,561.27001953125,574.3699951171875,1550700,0.0,0.0,6.0075278418966205
1432,2020-05-06 00:00:00-04:00,559.2000122070312,569.989990234375,541.5599975585938,553.5,1906200,0.0,0.0,-3.633545501089319
1433,2020-05-07 00:00:00-04:00,564.3900146484375,570.2100219726562,555.9600219726562,559.8300170898438,1132100,0.0,0.0,1.143634523910353
1434,2020-05-08 00:00:00-04:00,562.0,567.8300170898438,553.52001953125,563.4000244140625,698900,0.0,0.0,0.6376948743793021
1435,2020-05-11 00:00:00-04:00,565.22998046875,578.77001953125,564.0999755859375,574.1099853515625,1040900,0.0,0.0,1.900951450727817
1436,2020-05-12 00:00:00-04:00,576.97998046875,578.0,556.4500122070312,557.5399780273438,918600,0.0,0.0,-2.886207825504361
1437,2020-05-13 00:00:00-04:00,560.6500244140625,581.780029296875,558.510009765625,577.1199951171875,1058900,0.0,0.0,3.511858855237726
1438,2020-05-14 00:00:00-04:00,577.1799926757812,580.77001953125,565.5999755859375,570.8599853515625,702300,0.0,0.0,-1.0846981249287402
1439,2020-05-15 00:00:00-04:00,566.780029296875,577.0,563.0800170898438,576.719970703125,865700,0.0,0.0,1.0265188490928612
1440,2020-05-18 00:00:00-04:00,582.0,583.5399780273438,558.8900146484375,560.280029296875,962800,0.0,0.0,-2.8505933973825726
1441,2020-05-19 00:00:00-04:00,561.0,569.5,557.5999755859375,557.5999755859375,737900,0.0,0.0,-0.4783418238734738
1442,2020-05-20 00:00:00-04:00,562.0700073242188,580.5499877929688,561.3900146484375,576.8900146484375,840800,0.0,0.0,3.4594763104552895
1443,2020-05-21 00:00:00-04:00,577.510009765625,578.3400268554688,556.6799926757812,560.97998046875,812600,0.0,0.0,-2.7578973072333812
1444,2020-05-22 00:00:00-04:00,558.1199951171875,574.1900024414062,558.1199951171875,569.9099731445312,653500,0.0,0.0,1.5918558570163999
1445,2020-05-26 00:00:00-04:00,548.5399780273438,556.1300048828125,534.25,545.2100219726562,3742000,0.0,0.0,-4.334009288447915
1446,2020-05-27 00:00:00-04:00,538.7000122070312,555.530029296875,522.02001953125,544.010009765625,5902600,0.0,0.0,-0.22010090766295676
1447,2020-05-28 00:00:00-04:00,547.5,583.030029296875,546.1300048828125,578.2100219726562,7869500,0.0,0.0,6.2866512735244795
1448,2020-05-29 00:00:00-04:00,580.7000122070312,615.3599853515625,571.52001953125,612.8099975585938,6675100,0.0,0.0,5.983980607581674
1449,2020-06-01 00:00:00-04:00,605.0,610.0,597.6199951171875,599.469970703125,1579300,0.0,0.0,-2.1768618182821386
1450,2020-06-02 00:00:00-04:00,602.2000122070312,618.7100219726562,591.6699829101562,617.6599731445312,1511500,0.0,0.0,3.034347562075701
1451,2020-06-03 00:00:00-04:00,615.3699951171875,616.6799926757812,589.5999755859375,604.280029296875,1541000,0.0,0.0,-2.166231329438173
1452,2020-06-04 00:00:00-04:00,596.989990234375,610.989990234375,592.7899780273438,598.5399780273438,851800,0.0,0.0,-0.9498992174555632
1453,2020-06-05 00:00:00-04:00,585.0,600.1400146484375,578.4299926757812,597.0,1324100,0.0,0.0,-0.25728908408410023
1454,2020-06-08 00:00:00-04:00,587.8800048828125,605.260009765625,579.5999755859375,604.0399780273438,964700,0.0,0.0,1.1792258002250922
1455,2020-06-09 00:00:00-04:00,603.489990234375,611.5599975585938,601.8900146484375,608.5900268554688,849900,0.0,0.0,0.7532694844113452
1456,2020-06-10 00:00:00-04:00,613.030029296875,617.3699951171875,603.0,606.5900268554688,925500,0.0,0.0,-0.3286284545827689
1457,2020-06-11 00:00:00-04:00,621.0,625.7899780273438,592.3200073242188,596.1599731445312,1515800,0.0,0.0,-1.7194568405627053
1458,2020-06-12 00:00:00-04:00,616.010009765625,619.6799926757812,583.1400146484375,588.3900146484375,1230200,0.0,0.0,-1.3033344817012793
1459,2020-06-15 00:00:00-04:00,584.5399780273438,593.489990234375,582.3200073242188,590.5700073242188,676100,0.0,0.0,0.37050130381355295
1460,2020-06-16 00:00:00-04:00,590.0,597.1500244140625,575.8900146484375,592.9000244140625,741400,0.0,0.0,0.3945369830751666
1461,2020-06-17 00:00:00-04:00,596.3300170898438,606.5,594.8599853515625,603.0999755859375,678000,0.0,0.0,1.7203492582000157
1462,2020-06-18 00:00:00-04:00,601.3400268554688,604.030029296875,590.2999877929688,597.3499755859375,645000,0.0,0.0,-0.9534074337200327
1463,2020-06-19 00:00:00-04:00,602.3099975585938,646.3300170898438,598.7100219726562,643.9199829101562,2668600,0.0,0.0,7.79610098393968
1464,2020-06-22 00:00:00-04:00,634.0900268554688,634.1900024414062,618.1900024414062,628.47998046875,1238800,0.0,0.0,-2.39781383575427
1465,2020-06-23 00:00:00-04:00,631.3300170898438,637.5399780273438,623.010009765625,628.760009765625,832700,0.0,0.0,0.04455659775608467
1466,2020-06-24 00:00:00-04:00,630.0,644.7000122070312,599.0,605.0399780273438,1459600,0.0,0.0,-3.7725096014174064
1467,2020-06-25 00:00:00-04:00,604.6699829101562,620.2899780273438,602.510009765625,619.9600219726562,813900,0.0,0.0,2.465960017048374
1468,2020-06-26 00:00:00-04:00,611.02001953125,616.3499755859375,601.5599975585938,611.3599853515625,1817800,0.0,0.0,-1.387192127926118
1469,2020-06-29 00:00:00-04:00,609.3699951171875,617.27001953125,605.77001953125,610.8699951171875,663200,0.0,0.0,-0.08014758016804402
1470,2020-06-30 00:00:00-04:00,621.9299926757812,626.0599975585938,611.1599731445312,623.6500244140625,754900,0.0,0.0,2.0921029677392067
1471,2020-07-01 00:00:00-04:00,625.0,625.0,601.02001953125,609.1699829101562,984700,0.0,0.0,-2.321821684767944
1472,2020-07-02 00:00:00-04:00,612.0999755859375,630.760009765625,608.760009765625,622.4500122070312,802500,0.0,0.0,2.1800203013012887
1473,2020-07-06 00:00:00-04:00,635.0,639.0,623.5,627.25,1041000,0.0,0.0,0.7711443005598673
1474,2020-07-07 00:00:00-04:00,636.030029296875,653.530029296875,628.22998046875,640.8800048828125,1423100,0.0,0.0,2.172978060233155
1475,2020-07-08 00:00:00-04:00,650.4099731445312,650.489990234375,632.4199829101562,640.3400268554688,660100,0.0,0.0,-0.08425571452217451
1476,2020-07-09 00:00:00-04:00,648.0,655.9299926757812,629.0,640.6300048828125,1009600,0.0,0.0,0.04528500721214801
1477,2020-07-10 00:00:00-04:00,638.4000244140625,639.989990234375,617.9500122070312,620.8599853515625,929000,0.0,0.0,-3.0860277196767316
1478,2020-07-13 00:00:00-04:00,623.6699829101562,633.8400268554688,614.1099853515625,615.8800048828125,733200,0.0,0.0,-0.8021100709091566
1479,2020-07-14 00:00:00-04:00,615.5800170898438,644.3400268554688,612.2000122070312,641.22998046875,864200,0.0,0.0,4.116057573708853
1480,2020-07-15 00:00:00-04:00,641.989990234375,644.739990234375,626.5,632.739990234375,568800,0.0,0.0,-1.3240164204687765
1481,2020-07-16 00:00:00-04:00,628.75,634.260009765625,621.989990234375,632.2100219726562,410300,0.0,0.0,-0.08375766822047437
1482,2020-07-17 00:00:00-04:00,635.0,650.0,632.2100219726562,644.0599975585938,713700,0.0,0.0,1.8743732579503458
1483,2020-07-20 00:00:00-04:00,646.6400146484375,664.6400146484375,646.5,658.2100219726562,671100,0.0,0.0,2.1970040784554667
1484,2020-07-21 00:00:00-04:00,658.0,658.0,635.6400146484375,638.8599853515625,753400,0.0,0.0,-2.9397967176345463
1485,2020-07-22 00:00:00-04:00,642.5900268554688,644.0599975585938,634.3599853515625,637.530029296875,497200,0.0,0.0,-0.20817645261592688
1486,2020-07-23 00:00:00-04:00,637.9199829101562,644.3200073242188,628.3400268554688,630.3099975585938,571300,0.0,0.0,-1.1325006519683711
1487,2020-07-24 00:00:00-04:00,623.7000122070312,623.7000122070312,596.02001953125,608.9400024414062,1206000,0.0,0.0,-3.3903944408244846
1488,2020-07-27 00:00:00-04:00,620.0,638.4199829101562,613.2899780273438,637.4000244140625,850800,0.0,0.0,4.673698863361286
1489,2020-07-28 00:00:00-04:00,636.2000122070312,638.3599853515625,629.0700073242188,631.0,452000,0.0,0.0,-1.0040828630255905
1490,2020-07-29 00:00:00-04:00,634.0499877929688,634.469970703125,625.8800048828125,632.1599731445312,369900,0.0,0.0,0.18383092623315278
1491,2020-07-30 00:00:00-04:00,625.719970703125,641.3800048828125,625.719970703125,631.469970703125,615700,0.0,0.0,-0.10914997322181152
1492,2020-07-31 00:00:00-04:00,634.6799926757812,634.7899780273438,620.0599975585938,632.0700073242188,663000,0.0,0.0,0.0950221940760887
1493,2020-08-03 00:00:00-04:00,634.8400268554688,647.4000244140625,632.72998046875,645.1799926757812,487200,0.0,0.0,2.0741350166355588
1494,2020-08-04 00:00:00-04:00,654.4600219726562,654.4600219726562,636.0999755859375,648.4299926757812,747700,0.0,0.0,0.5037353973921466
1495,2020-08-05 00:00:00-04:00,654.9500122070312,660.0,623.9000244140625,624.52001953125,1132700,0.0,0.0,-3.6873638503156614
1496,2020-08-06 00:00:00-04:00,628.8800048828125,630.0,613.5999755859375,621.2100219726562,663500,0.0,0.0,-0.5300066379102075
1497,2020-08-07 00:00:00-04:00,621.0,627.4600219726562,614.5499877929688,620.2100219726562,432600,0.0,0.0,-0.16097615373694696
1498,2020-08-10 00:00:00-04:00,623.0,624.3599853515625,596.5800170898438,608.239990234375,624300,0.0,0.0,-1.9299965034762057
1499,2020-08-11 00:00:00-04:00,601.1099853515625,608.239990234375,592.4500122070312,598.8599853515625,587200,0.0,0.0,-1.5421552402692384
1500,2020-08-12 00:00:00-04:00,599.9000244140625,617.0,599.9000244140625,612.3499755859375,562600,0.0,0.0,2.2526117229982656
1501,2020-08-13 00:00:00-04:00,611.489990234375,616.239990234375,607.27001953125,610.8900146484375,378100,0.0,0.0,-0.23841936730756297
1502,2020-08-14 00:00:00-04:00,610.0900268554688,617.3099975585938,610.0900268554688,612.5700073242188,302900,0.0,0.0,0.2750073884818738
1503,2020-08-17 00:00:00-04:00,614.739990234375,627.989990234375,614.2100219726562,620.72998046875,403900,0.0,0.0,1.3320882588057081
1504,2020-08-18 00:00:00-04:00,623.010009765625,623.010009765625,613.27001953125,618.5900268554688,387900,0.0,0.0,-0.3447479065962322
1505,2020-08-19 00:00:00-04:00,628.97998046875,640.6500244140625,625.0,629.6300048828125,720700,0.0,0.0,1.7847002939029188
1506,2020-08-20 00:00:00-04:00,610.010009765625,619.75,608.4400024414062,616.8900146484375,656600,0.0,0.0,-2.023409007762611
1507,2020-08-21 00:00:00-04:00,617.1799926757812,618.0700073242188,603.219970703125,605.489990234375,662200,0.0,0.0,-1.847983294162947
1508,2020-08-24 00:00:00-04:00,612.3800048828125,613.0999755859375,590.7100219726562,594.77001953125,991900,0.0,0.0,-1.770462084596225
1509,2020-08-25 00:00:00-04:00,596.510009765625,615.0,594.739990234375,610.5,734300,0.0,0.0,2.64471643697628
1510,2020-08-26 00:00:00-04:00,605.5,613.1400146484375,604.489990234375,612.0,487900,0.0,0.0,0.24570024570025328
1511,2020-08-27 00:00:00-04:00,614.6699829101562,619.52001953125,610.22998046875,614.969970703125,534900,0.0,0.0,0.48528933057598866
1512,2020-08-28 00:00:00-04:00,611.0,614.510009765625,598.9000244140625,602.6099853515625,584200,0.0,0.0,-2.009851852998734
1513,2020-08-31 00:00:00-04:00,602.3300170898438,621.6099853515625,601.3499755859375,619.9299926757812,908100,0.0,0.0,2.8741653383181687
1514,2020-09-01 00:00:00-04:00,615.6300048828125,620.0,589.2999877929688,592.6799926757812,1028000,0.0,0.0,-4.395657626175142
1515,2020-09-02 00:00:00-04:00,591.2999877929688,610.989990234375,591.2999877929688,610.1500244140625,878000,0.0,0.0,2.947633116381909
1516,2020-09-03 00:00:00-04:00,610.4000244140625,610.4199829101562,575.0999755859375,577.4000244140625,841500,0.0,0.0,-5.367532359185001
1517,2020-09-04 00:00:00-04:00,575.0,584.0,564.5,580.3599853515625,715400,0.0,0.0,0.5126360949678999
1518,2020-09-08 00:00:00-04:00,577.780029296875,578.989990234375,560.780029296875,561.8900146484375,688300,0.0,0.0,-3.1825024414694147
1519,2020-09-09 00:00:00-04:00,565.0,575.0800170898438,564.9600219726562,571.1500244140625,620400,0.0,0.0,1.6480110918893676
1520,2020-09-10 00:00:00-04:00,566.6400146484375,572.7999877929688,548.239990234375,550.0999755859375,879300,0.0,0.0,-3.6855550955670613
1521,2020-09-11 00:00:00-04:00,551.7899780273438,561.3300170898438,540.0,544.75,814100,0.0,0.0,-0.9725460504227401
1522,2020-09-14 00:00:00-04:00,554.4099731445312,566.510009765625,550.6500244140625,564.2000122070312,762200,0.0,0.0,3.570447399179666
1523,2020-09-15 00:00:00-04:00,569.1699829101562,582.8599853515625,567.5900268554688,579.9000244140625,612400,0.0,0.0,2.782703273191389
1524,2020-09-16 00:00:00-04:00,584.1199951171875,586.4400024414062,568.0,569.1500244140625,804400,0.0,0.0,-1.8537678129711965
1525,2020-09-17 00:00:00-04:00,557.1900024414062,569.3699951171875,557.1900024414062,565.0,686500,0.0,0.0,-0.7291617738811373
1526,2020-09-18 00:00:00-04:00,567.47998046875,567.8300170898438,544.9600219726562,555.239990234375,1977100,0.0,0.0,-1.7274353567477863
1527,2020-09-21 00:00:00-04:00,551.1400146484375,556.4600219726562,542.1599731445312,555.7000122070312,682500,0.0,0.0,0.08285101591152255
1528,2020-09-22 00:00:00-04:00,552.3599853515625,573.4500122070312,552.3599853515625,571.510009765625,580500,0.0,0.0,2.8450597824899004
1529,2020-09-23 00:00:00-04:00,572.3699951171875,578.1599731445312,562.489990234375,565.1900024414062,535600,0.0,0.0,-1.1058436801151705
1530,2020-09-24 00:00:00-04:00,561.0,564.989990234375,554.7000122070312,557.4600219726562,457900,0.0,0.0,-1.367678202968814
1531,2020-09-25 00:00:00-04:00,555.4000244140625,575.9199829101562,551.0,574.0599975585938,643600,0.0,0.0,2.9777876316934737
1532,2020-09-28 00:00:00-04:00,572.8300170898438,574.6199951171875,559.0599975585938,571.9199829101562,637000,0.0,0.0,-0.37278588606395324
1533,2020-09-29 00:00:00-04:00,573.2000122070312,576.0,567.9199829101562,573.6099853515625,454100,0.0,0.0,0.2954963092576035
1534,2020-09-30 00:00:00-04:00,589.77001953125,589.77001953125,554.0,559.780029296875,2159300,0.0,0.0,-2.4110382329225355
1535,2020-10-01 00:00:00-04:00,562.5,568.3800048828125,552.27001953125,568.1400146484375,1092600,0.0,0.0,1.49344115796044
1536,2020-10-02 00:00:00-04:00,562.0,576.0,554.0399780273438,564.7999877929688,1235100,0.0,0.0,-0.5878879799613435
1537,2020-10-05 00:00:00-04:00,598.9000244140625,619.969970703125,591.1500244140625,605.0800170898438,4843300,0.0,0.0,7.131733386587813
1538,2020-10-06 00:00:00-04:00,605.3200073242188,610.3800048828125,579.02001953125,581.6400146484375,1725300,0.0,0.0,-3.8738682123633628
1539,2020-10-07 00:00:00-04:00,588.489990234375,593.8800048828125,581.6500244140625,591.6900024414062,957200,0.0,0.0,1.7278707688368478
1540,2020-10-08 00:00:00-04:00,614.6500244140625,615.0,598.0999755859375,599.8800048828125,2355600,0.0,0.0,1.3841711720010474
1541,2020-10-09 00:00:00-04:00,601.0,604.4400024414062,593.510009765625,602.0700073242188,1190100,0.0,0.0,0.3650734186137816
1542,2020-10-12 00:00:00-04:00,602.25,605.3900146484375,590.8499755859375,601.5499877929688,1003200,0.0,0.0,-0.08637193763580964
1543,2020-10-13 00:00:00-04:00,601.5999755859375,616.3099975585938,600.1799926757812,607.97998046875,1243900,0.0,0.0,1.0689041320360193
1544,2020-10-14 00:00:00-04:00,609.1799926757812,610.9199829101562,596.75,600.8200073242188,951400,0.0,0.0,-1.1776659387716881
1545,2020-10-15 00:00:00-04:00,598.02001953125,605.1199951171875,580.739990234375,585.1799926757812,1048300,0.0,0.0,-2.6031114905928465
1546,2020-10-16 00:00:00-04:00,590.0,605.4299926757812,585.6699829101562,599.739990234375,1168800,0.0,0.0,2.4881229264208216
1547,2020-10-19 00:00:00-04:00,600.0,601.0900268554688,579.0,583.1400146484375,778400,0.0,0.0,-2.7678620495942496
1548,2020-10-20 00:00:00-04:00,582.0,586.489990234375,573.1400146484375,576.6300048828125,637500,0.0,0.0,-1.1163716435322546
1549,2020-10-21 00:00:00-04:00,577.530029296875,581.6799926757812,567.02001953125,572.4000244140625,493800,0.0,0.0,-0.7335692615596079
1550,2020-10-22 00:00:00-04:00,566.0399780273438,577.0499877929688,566.0399780273438,575.72998046875,467200,0.0,0.0,0.5817533040981537
1551,2020-10-23 00:00:00-04:00,580.2899780273438,582.719970703125,575.1199951171875,579.8099975585938,565900,0.0,0.0,0.7086685127152714
1552,2020-10-26 00:00:00-04:00,574.6599731445312,587.6199951171875,574.6599731445312,585.739990234375,533500,0.0,0.0,1.0227475726101165
1553,2020-10-27 00:00:00-04:00,584.97998046875,590.969970703125,579.0399780273438,582.52001953125,526200,0.0,0.0,-0.549726970466291
1554,2020-10-28 00:00:00-04:00,576.6900024414062,578.97998046875,563.8699951171875,567.0399780273438,592900,0.0,0.0,-2.657426523531836
1555,2020-10-29 00:00:00-04:00,576.0,576.0,555.5399780273438,555.7899780273438,905000,0.0,0.0,-1.983987097195028
1556,2020-10-30 00:00:00-04:00,545.1199951171875,556.5800170898438,533.22998046875,543.5599975585938,1164700,0.0,0.0,-2.200467973920228
1557,2020-11-02 00:00:00-05:00,545.0599975585938,557.4099731445312,539.1699829101562,548.5800170898438,835900,0.0,0.0,0.923544696776335
1558,2020-11-03 00:00:00-05:00,551.8900146484375,561.239990234375,550.0,557.1900024414062,490400,0.0,0.0,1.56950400731648
1559,2020-11-04 00:00:00-05:00,578.0900268554688,593.9600219726562,575.9500122070312,587.1400146484375,1195600,0.0,0.0,5.375188369461226
1560,2020-11-05 00:00:00-05:00,595.0,596.7999877929688,578.9500122070312,588.8099975585938,944300,0.0,0.0,0.28442669014070443
1561,2020-11-06 00:00:00-05:00,589.0399780273438,589.0399780273438,572.719970703125,578.030029296875,748400,0.0,0.0,-1.8308059147120748
1562,2020-11-09 00:00:00-05:00,551.6099853515625,573.1599731445312,540.3099975585938,567.5499877929688,1321100,0.0,0.0,-1.8130617740836685
1563,2020-11-10 00:00:00-05:00,560.0,565.989990234375,546.9299926757812,559.219970703125,839200,0.0,0.0,-1.4677151385795395
1564,2020-11-11 00:00:00-05:00,564.8499755859375,573.6599731445312,560.0,567.72998046875,671000,0.0,0.0,1.521764280865212
1565,2020-11-12 00:00:00-05:00,568.9199829101562,571.0,554.8400268554688,556.780029296875,548500,0.0,0.0,-1.928725194824854
1566,2020-11-13 00:00:00-05:00,560.219970703125,567.7000122070312,556.7999877929688,566.4299926757812,565800,0.0,0.0,1.7331734026259316
1567,2020-11-16 00:00:00-05:00,557.4500122070312,566.7899780273438,556.0,559.2899780273438,542100,0.0,0.0,-1.2605290575642858
1568,2020-11-17 00:00:00-05:00,556.3800048828125,556.5999755859375,536.0499877929688,538.1500244140625,1051700,0.0,0.0,-3.7797840912228375
1569,2020-11-18 00:00:00-05:00,543.0,543.0,518.1900024414062,519.0399780273438,1240800,0.0,0.0,-3.5510629972609897
1570,2020-11-19 00:00:00-05:00,519.1900024414062,525.6900024414062,514.4199829101562,514.7100219726562,947600,0.0,0.0,-0.8342239977629173
1571,2020-11-20 00:00:00-05:00,513.9600219726562,521.27001953125,509.3399963378906,518.739990234375,1045300,0.0,0.0,0.7829589651807467
1572,2020-11-23 00:00:00-05:00,538.8599853515625,538.8599853515625,516.7999877929688,523.6099853515625,1764400,0.0,0.0,0.938812354718821
1573,2020-11-24 00:00:00-05:00,521.6099853515625,528.4400024414062,505.7999877929688,506.1000061035156,1270300,0.0,0.0,-3.344088107160581
1574,2020-11-25 00:00:00-05:00,507.1799926757813,515.469970703125,507.1799926757813,508.30999755859375,711800,0.0,0.0,0.43667090069667847
1575,2020-11-27 00:00:00-05:00,513.4199829101562,518.9199829101562,509.2000122070313,514.0499877929688,498200,0.0,0.0,1.1292302457051928
1576,2020-11-30 00:00:00-05:00,520.0,520.780029296875,507.6000061035156,516.030029296875,1707500,0.0,0.0,0.3851846222985733
1577,2020-12-01 00:00:00-05:00,516.0,525.280029296875,513.6900024414062,514.0700073242188,937400,0.0,0.0,-0.3798271149698218
1578,2020-12-02 00:00:00-05:00,515.9400024414062,515.9400024414062,503.80999755859375,505.1300048828125,782700,0.0,0.0,-1.7390632236919945
1579,2020-12-03 00:00:00-05:00,505.2000122070313,509.5400085449219,497.1199951171875,498.8399963378906,966000,0.0,0.0,-1.2452256813334839
1580,2020-12-04 00:00:00-05:00,497.010009765625,501.8500061035156,490.05999755859375,492.4500122070313,961200,0.0,0.0,-1.280968682898287
1581,2020-12-07 00:00:00-05:00,497.489990234375,499.7000122070313,492.7900085449219,495.4100036621094,881900,0.0,0.0,0.6010745013107277
1582,2020-12-08 00:00:00-05:00,497.1000061035156,497.8800048828125,486.2999877929688,497.1400146484375,1007900,0.0,0.0,0.3492079234451717
1583,2020-12-09 00:00:00-05:00,500.0,500.0,484.0,488.6400146484375,934300,0.0,0.0,-1.709779890884655
1584,2020-12-10 00:00:00-05:00,485.2900085449219,487.1199951171875,477.8699951171875,478.9800109863281,1184100,0.0,0.0,-1.9769162108141058
1585,2020-12-11 00:00:00-05:00,478.2200012207031,483.5400085449219,471.5799865722656,479.7699890136719,1013500,0.0,0.0,0.16492922652806552
1586,2020-12-14 00:00:00-05:00,484.1199951171875,502.6000061035156,483.5499877929688,500.3800048828125,1245800,0.0,0.0,4.295811814221939
1587,2020-12-15 00:00:00-05:00,500.6900024414063,500.989990234375,486.8200073242188,491.7900085449219,1086300,0.0,0.0,-1.7166945629456865
1588,2020-12-16 00:00:00-05:00,491.7999877929688,494.4599914550781,485.1499938964844,486.5700073242188,862500,0.0,0.0,-1.0614288883476264
1589,2020-12-17 00:00:00-05:00,486.8999938964844,496.75,486.5,496.2099914550781,856300,0.0,0.0,1.981212155650991
1590,2020-12-18 00:00:00-05:00,500.0,506.989990234375,496.80999755859375,498.8900146484375,1820900,0.0,0.0,0.5400985952541015
1591,2020-12-21 00:00:00-05:00,494.0,497.2900085449219,485.05999755859375,496.739990234375,1009300,0.0,0.0,-0.4309616049496645
1592,2020-12-22 00:00:00-05:00,496.0,496.4800109863281,488.5,490.05999755859375,849600,0.0,0.0,-1.3447664386008973
1593,2020-12-23 00:00:00-05:00,491.2000122070313,493.6300048828125,488.5199890136719,492.1900024414063,545700,0.0,0.0,0.43464165478184213
1594,2020-12-24 00:00:00-05:00,492.4400024414063,495.2300109863281,486.0299987792969,488.9299926757813,289100,0.0,0.0,-0.6623478228843349
1595,2020-12-28 00:00:00-05:00,488.7200012207031,492.6900024414063,482.2099914550781,482.9599914550781,713400,0.0,0.0,-1.2210339537631953
1596,2020-12-29 00:00:00-05:00,485.0,490.4500122070313,482.4200134277344,484.2200012207031,558200,0.0,0.0,0.26089319776338993
1597,2020-12-30 00:00:00-05:00,487.3900146484375,488.8299865722656,477.6799926757813,478.2999877929688,633200,0.0,0.0,-1.222587545497944
1598,2020-12-31 00:00:00-05:00,477.80999755859375,483.5700073242188,470.7799987792969,483.1099853515625,897900,0.0,0.0,1.005644507914072
1599,2021-01-04 00:00:00-05:00,486.8500061035156,491.7799987792969,473.5799865722656,482.8599853515625,911100,0.0,0.0,-0.05174805066761046
1600,2021-01-05 00:00:00-05:00,480.3900146484375,486.25,475.4100036621094,483.4500122070313,797700,0.0,0.0,0.12219419156036526
1601,2021-01-06 00:00:00-05:00,477.1499938964844,483.0,467.0,470.0899963378906,1434700,0.0,0.0,-2.7634740990386875
1602,2021-01-07 00:00:00-05:00,471.239990234375,481.8399963378906,467.1799926757813,481.2000122070313,1126600,0.0,0.0,2.363380619815403
1603,2021-01-08 00:00:00-05:00,487.9299926757813,500.7000122070313,487.9299926757813,498.7300109863281,1018800,0.0,0.0,3.6429755475057446
1604,2021-01-11 00:00:00-05:00,501.0,505.1400146484375,489.3500061035156,502.9200134277344,1115300,0.0,0.0,0.840134411225768
1605,2021-01-12 00:00:00-05:00,504.4100036621094,518.5,502.0,505.75,1264100,0.0,0.0,0.562711066711663
1606,2021-01-13 00:00:00-05:00,517.0,522.0,509.1400146484375,511.8999938964844,1333800,0.0,0.0,1.216014611267302
1607,2021-01-14 00:00:00-05:00,513.0999755859375,524.8800048828125,511.3299865722656,517.9099731445312,848600,0.0,0.0,1.1740533931833275
1608,2021-01-15 00:00:00-05:00,518.0999755859375,522.989990234375,511.1099853515625,517.9299926757812,796900,0.0,0.0,0.0038654461756104652
1609,2021-01-19 00:00:00-05:00,523.030029296875,536.6199951171875,522.0599975585938,533.8900146484375,995400,0.0,0.0,3.081501785637486
1610,2021-01-20 00:00:00-05:00,536.780029296875,543.989990234375,529.3099975585938,542.27001953125,862700,0.0,0.0,1.5696125892765922
1611,2021-01-21 00:00:00-05:00,540.5800170898438,543.280029296875,527.9099731445312,535.47998046875,940100,0.0,0.0,-1.2521509244360352
1612,2021-01-22 00:00:00-05:00,534.0999755859375,546.719970703125,534.0999755859375,537.780029296875,620600,0.0,0.0,0.42953031149952636
1613,2021-01-25 00:00:00-05:00,554.3200073242188,555.0,538.77001953125,548.2000122070312,828400,0.0,0.0,1.9375920157875592
1614,2021-01-26 00:00:00-05:00,558.9099731445312,558.9099731445312,542.1400146484375,544.0999755859375,901700,0.0,0.0,-0.747908889054405
1615,2021-01-27 00:00:00-05:00,540.5800170898438,541.969970703125,512.9400024414062,515.5599975585938,1433500,0.0,0.0,-5.245355505963634
1616,2021-01-28 00:00:00-05:00,521.27001953125,529.510009765625,505.1099853515625,506.2699890136719,1050700,0.0,0.0,-1.80192578728261
1617,2021-01-29 00:00:00-05:00,505.9700012207031,514.4199829101562,496.1000061035156,503.8399963378906,1389800,0.0,0.0,-0.4799796014998692
1618,2021-02-01 00:00:00-05:00,512.8200073242188,512.8200073242188,503.1000061035156,508.0799865722656,790600,0.0,0.0,0.8415350637489993
1619,2021-02-02 00:00:00-05:00,511.010009765625,513.280029296875,498.0199890136719,499.9800109863281,884500,0.0,0.0,-1.594232364983228
1620,2021-02-03 00:00:00-05:00,505.0899963378906,507.2799987792969,490.8399963378906,491.1799926757813,1076700,0.0,0.0,-1.7600740263969183
1621,2021-02-04 00:00:00-05:00,494.0700073242188,498.9599914550781,490.0199890136719,498.8399963378906,1394600,0.0,0.0,1.5595105208541238
1622,2021-02-05 00:00:00-05:00,513.8400268554688,514.969970703125,495.2200012207031,498.9800109863281,1662800,0.0,0.0,0.028068047763896153
1623,2021-02-08 00:00:00-05:00,503.1400146484375,506.6300048828125,492.4599914550781,494.8999938964844,1320400,0.0,0.0,-0.8176714497598492
1624,2021-02-09 00:00:00-05:00,496.5299987792969,497.989990234375,487.5499877929688,490.6799926757813,1056000,0.0,0.0,-0.8526977718221085
1625,2021-02-10 00:00:00-05:00,493.4299926757813,497.8599853515625,488.1199951171875,491.2200012207031,959200,0.0,0.0,0.110053100387697
1626,2021-02-11 00:00:00-05:00,491.2300109863281,496.6000061035156,486.0400085449219,490.5400085449219,1057400,0.0,0.0,-0.1384293542794346
1627,2021-02-12 00:00:00-05:00,494.25,494.4800109863281,482.8500061035156,485.6199951171875,1295600,0.0,0.0,-1.0029790316856135
1628,2021-02-16 00:00:00-05:00,488.010009765625,492.0,478.4400024414063,480.7099914550781,1363500,0.0,0.0,-1.011079385420388
1629,2021-02-17 00:00:00-05:00,477.0,484.3800048828125,476.55999755859375,481.6799926757813,1010700,0.0,0.0,0.20178511741915095
1630,2021-02-18 00:00:00-05:00,479.8999938964844,481.760009765625,475.8399963378906,477.0299987792969,1124300,0.0,0.0,-0.9653699483454292
1631,2021-02-19 00:00:00-05:00,478.25,483.6799926757813,470.2699890136719,470.3699951171875,1129900,0.0,0.0,-1.3961393788969434
1632,2021-02-22 00:00:00-05:00,468.2699890136719,468.2699890136719,459.8999938964844,460.5799865722656,1345600,0.0,0.0,-2.0813420597720733
1633,2021-02-23 00:00:00-05:00,458.05999755859375,468.9599914550781,448.0,468.0299987792969,1705600,0.0,0.0,1.6175284259474232
1634,2021-02-24 00:00:00-05:00,466.1099853515625,469.4700012207031,457.1700134277344,458.6000061035156,1103400,0.0,0.0,-2.0148265496605533
1635,2021-02-25 00:00:00-05:00,460.30999755859375,465.0,448.3299865722656,453.1900024414063,1126100,0.0,0.0,-1.1796780615149327
1636,2021-02-26 00:00:00-05:00,455.8399963378906,457.1700134277344,445.5700073242188,450.5700073242188,1193500,0.0,0.0,-0.5781228851195253
1637,2021-03-01 00:00:00-05:00,454.489990234375,463.8500061035156,453.8299865722656,463.0499877929688,856500,0.0,0.0,2.769820508662879
1638,2021-03-02 00:00:00-05:00,463.1300048828125,466.0,454.3500061035156,454.8599853515625,759200,0.0,0.0,-1.7687080568649316
1639,2021-03-03 00:00:00-05:00,456.1400146484375,458.6499938964844,446.3800048828125,446.7300109863281,898000,0.0,0.0,-1.7873575665159236
1640,2021-03-04 00:00:00-05:00,445.3699951171875,451.8500061035156,441.0,449.3800048828125,1093800,0.0,0.0,0.5931980908633117
1641,2021-03-05 00:00:00-05:00,451.5799865722656,463.8299865722656,449.2999877929688,461.5700073242188,1223200,0.0,0.0,2.7126267989126873
1642,2021-03-08 00:00:00-05:00,456.489990234375,473.5,456.489990234375,463.1900024414063,1014300,0.0,0.0,0.35097495319915684
1643,2021-03-09 00:00:00-05:00,469.7999877929688,478.1300048828125,469.3200073242188,470.6300048828125,868400,0.0,0.0,1.6062528124940245
1644,2021-03-10 00:00:00-05:00,473.8900146484375,474.9800109863281,465.2099914550781,467.9500122070313,724700,0.0,0.0,-0.5694478991938756
1645,2021-03-11 00:00:00-05:00,469.0,474.8900146484375,466.7300109863281,469.9599914550781,744900,0.0,0.0,0.42952862391583135
1646,2021-03-12 00:00:00-05:00,467.0,471.8200073242188,463.6499938964844,471.4599914550781,552700,0.0,0.0,0.31917610589695666
1647,2021-03-15 00:00:00-04:00,473.010009765625,484.7000122070313,472.260009765625,483.9400024414063,728500,0.0,0.0,2.6470986324440338
1648,2021-03-16 00:00:00-04:00,485.0,490.2200012207031,479.6099853515625,482.1700134277344,698400,0.0,0.0,-0.365745547948626
1649,2021-03-17 00:00:00-04:00,495.0,497.7099914550781,483.1499938964844,496.010009765625,1101000,0.0,0.0,2.870356088613324
1650,2021-03-18 00:00:00-04:00,485.0799865722656,491.8800048828125,474.30999755859375,474.6799926757813,921100,0.0,0.0,-4.300319886673776
1651,2021-03-19 00:00:00-04:00,478.30999755859375,482.5899963378906,472.4800109863281,473.7000122070313,1078200,0.0,0.0,-0.20645076343450697
1652,2021-03-22 00:00:00-04:00,471.8900146484375,484.6099853515625,471.2300109863281,483.2200012207031,911700,0.0,0.0,2.0097084163702927
1653,2021-03-23 00:00:00-04:00,486.1600036621094,488.7200012207031,466.7099914550781,469.760009765625,1086400,0.0,0.0,-2.785478958047205
1654,2021-03-24 00:00:00-04:00,471.510009765625,472.0799865722656,458.25,460.3200073242188,1053800,0.0,0.0,-2.009537262679306
1655,2021-03-25 00:00:00-04:00,458.30999755859375,465.8399963378906,451.6000061035156,463.4800109863281,1413500,0.0,0.0,0.6864797557851077
1656,2021-03-26 00:00:00-04:00,461.1300048828125,477.3200073242188,458.4400024414063,476.9100036621094,1645500,0.0,0.0,2.897642262327782
1657,2021-03-29 00:00:00-04:00,472.3399963378906,488.8999938964844,471.9100036621094,481.5199890136719,771200,0.0,0.0,0.9666363289013047
1658,2021-03-30 00:00:00-04:00,479.8399963378906,480.8399963378906,469.3599853515625,470.6700134277344,610400,0.0,0.0,-2.253276257162695
1659,2021-03-31 00:00:00-04:00,472.6400146484375,475.7000122070313,470.6700134277344,473.1400146484375,767700,0.0,0.0,0.5247840631942724
1660,2021-04-01 00:00:00-04:00,472.0,478.1499938964844,469.3699951171875,474.9299926757813,763100,0.0,0.0,0.3783188848810015
1661,2021-04-05 00:00:00-04:00,477.0899963378906,485.2799987792969,474.2200012207031,484.55999755859375,949000,0.0,0.0,2.027668294553586
1662,2021-04-06 00:00:00-04:00,485.5,485.8200073242188,476.7200012207031,478.6799926757813,900900,0.0,0.0,-1.2134730296430307
1663,2021-04-07 00:00:00-04:00,479.0,486.9500122070313,477.6199951171875,481.7900085449219,722200,0.0,0.0,0.6497066760103865
1664,2021-04-08 00:00:00-04:00,485.7699890136719,488.989990234375,474.8399963378906,476.3599853515625,1245200,0.0,0.0,-1.1270518477041191
1665,2021-04-09 00:00:00-04:00,476.2200012207031,480.260009765625,471.5,475.1700134277344,679500,0.0,0.0,-0.24980518104389393
1666,2021-04-12 00:00:00-04:00,481.7799987792969,481.7799987792969,469.7999877929688,472.7999877929688,835500,0.0,0.0,-0.4987742424377606
1667,2021-04-13 00:00:00-04:00,476.5299987792969,483.3999938964844,474.6000061035156,477.0400085449219,754900,0.0,0.0,0.8967895222979028
1668,2021-04-14 00:00:00-04:00,478.0,486.7300109863281,477.9200134277344,481.1600036621094,595600,0.0,0.0,0.8636581928954667
1669,2021-04-15 00:00:00-04:00,487.4400024414063,499.2799987792969,485.80999755859375,494.6400146484375,950500,0.0,0.0,2.801565151660923
1670,2021-04-16 00:00:00-04:00,496.6499938964844,506.8699951171875,495.8599853515625,502.6000061035156,1169400,0.0,0.0,1.6092493974098732
1671,2021-04-19 00:00:00-04:00,503.010009765625,505.9700012207031,498.4700012207031,499.6900024414063,707800,0.0,0.0,-0.578989977471267
1672,2021-04-20 00:00:00-04:00,499.5499877929688,506.7300109863281,497.3999938964844,504.4200134277344,858800,0.0,0.0,0.9465890778718844
1673,2021-04-21 00:00:00-04:00,507.489990234375,510.3200073242188,503.2200012207031,506.4800109863281,621300,0.0,0.0,0.40838933899454144
1674,2021-04-22 00:00:00-04:00,505.3999938964844,505.3999938964844,489.2799987792969,490.4299926757813,1000500,0.0,0.0,-3.1689342051803293
1675,2021-04-23 00:00:00-04:00,488.6300048828125,491.489990234375,484.0299987792969,488.6400146484375,819800,0.0,0.0,-0.36498135392937225
1676,2021-04-26 00:00:00-04:00,489.8399963378906,502.0,485.0,501.1700134277344,830300,0.0,0.0,2.5642596602146517
1677,2021-04-27 00:00:00-04:00,502.6000061035156,502.6000061035156,491.260009765625,491.80999755859375,474500,0.0,0.0,-1.8676328627730832
1678,2021-04-28 00:00:00-04:00,494.9100036621094,495.4400024414063,487.5,487.7699890136719,654000,0.0,0.0,-0.8214571816305027
1679,2021-04-29 00:00:00-04:00,489.6900024414063,490.0,482.2799987792969,485.0,574300,0.0,0.0,-0.5678883646107691
1680,2021-04-30 00:00:00-04:00,482.7699890136719,491.5799865722656,480.510009765625,481.2999877929688,796700,0.0,0.0,-0.7628891148517947
1681,2021-05-03 00:00:00-04:00,483.5,491.6700134277344,482.8299865722656,488.6199951171875,645900,0.0,0.0,1.5208825077650756
1682,2021-05-04 00:00:00-04:00,485.9400024414063,488.2799987792969,480.8500061035156,485.1799926757813,764500,0.0,0.0,-0.7040240832922096
1683,2021-05-05 00:00:00-04:00,486.4100036621094,488.75,481.0899963378906,482.4200134277344,842400,0.0,0.0,-0.5688567726846228
1684,2021-05-06 00:00:00-04:00,483.1099853515625,502.9800109863281,478.3999938964844,498.6799926757813,1545300,0.0,0.0,3.370502631620753
1685,2021-05-07 00:00:00-04:00,497.5899963378906,503.0,492.80999755859375,496.75,703200,0.0,0.0,-0.3870202743497919
1686,2021-05-10 00:00:00-04:00,497.5199890136719,513.47998046875,495.0,502.3399963378906,1044800,0.0,0.0,1.1253138073257452
1687,2021-05-11 00:00:00-04:00,496.8200073242188,508.9800109863281,494.0199890136719,501.1900024414063,790700,0.0,0.0,-0.22892740073812146
1688,2021-05-12 00:00:00-04:00,497.0,513.6699829101562,497.0,507.1400146484375,967700,0.0,0.0,1.1871769544578692
1689,2021-05-13 00:00:00-04:00,508.8599853515625,519.0700073242188,505.5700073242188,517.1699829101562,991400,0.0,0.0,1.9777513057556373
1690,2021-05-14 00:00:00-04:00,520.0,521.1300048828125,512.25,516.6199951171875,785600,0.0,0.0,-0.10634565252103378
1691,2021-05-17 00:00:00-04:00,516.4500122070312,525.9600219726562,515.4400024414062,523.72998046875,712200,0.0,0.0,1.3762505165812788
1692,2021-05-18 00:00:00-04:00,523.0,523.0,513.6799926757812,516.219970703125,683300,0.0,0.0,-1.43394688975097
1693,2021-05-19 00:00:00-04:00,517.9000244140625,517.9000244140625,502.5,510.2699890136719,587400,0.0,0.0,-1.1526058709718012
1694,2021-05-20 00:00:00-04:00,509.0,518.8699951171875,507.6300048828125,513.2100219726562,574900,0.0,0.0,0.5761720309413798
1695,2021-05-21 00:00:00-04:00,514.1300048828125,516.5,506.4299926757813,506.7200012207031,610400,0.0,0.0,-1.264593533658409
1696,2021-05-24 00:00:00-04:00,509.739990234375,509.739990234375,500.0799865722656,500.4700012207031,521900,0.0,0.0,-1.2334227946289023
1697,2021-05-25 00:00:00-04:00,500.8399963378906,502.7200012207031,493.1900024414063,498.0299987792969,767500,0.0,0.0,-0.4875421974253835
1698,2021-05-26 00:00:00-04:00,498.75,500.30999755859375,493.0,497.1600036621094,640700,0.0,0.0,-0.1746872917936515
1699,2021-05-27 00:00:00-04:00,496.0,500.0400085449219,492.1300048828125,495.3399963378906,1058800,0.0,0.0,-0.3660808011128114
1700,2021-05-28 00:00:00-04:00,497.6099853515625,505.2099914550781,497.2200012207031,502.4299926757813,542100,0.0,0.0,1.431339360905226
1701,2021-06-01 00:00:00-04:00,505.760009765625,508.7900085449219,497.9299926757813,503.2300109863281,617100,0.0,0.0,0.15922980757701044
1702,2021-06-02 00:00:00-04:00,503.1700134277344,510.30999755859375,501.2000122070313,505.3599853515625,679400,0.0,0.0,0.42326060026898205
1703,2021-06-03 00:00:00-04:00,501.0700073242188,506.8900146484375,499.7799987792969,505.6600036621094,445000,0.0,0.0,0.059367246961228304
1704,2021-06-04 00:00:00-04:00,507.5899963378906,518.3699951171875,505.7999877929688,511.8900146484375,785200,0.0,0.0,1.2320553219967723
1705,2021-06-07 00:00:00-04:00,511.6499938964844,525.3900146484375,509.5,514.989990234375,868700,0.0,0.0,0.6055940724037256
1706,2021-06-08 00:00:00-04:00,517.2000122070312,518.6199951171875,501.6900024414063,506.4200134277344,963600,0.0,0.0,-1.6641055106217495
1707,2021-06-09 00:00:00-04:00,507.8399963378906,522.7899780273438,505.6199951171875,521.8499755859375,783300,0.0,0.0,3.0468705321822664
1708,2021-06-10 00:00:00-04:00,521.260009765625,533.260009765625,516.0399780273438,532.0399780273438,934900,0.0,0.0,1.9526689504899997
1709,2021-06-11 00:00:00-04:00,529.280029296875,530.260009765625,519.97998046875,525.5499877929688,622900,0.0,0.0,-1.2198313101278724
1710,2021-06-14 00:00:00-04:00,525.0,529.2899780273438,521.9600219726562,528.75,497800,0.0,0.0,0.6088882658849659
1711,2021-06-15 00:00:00-04:00,528.0,530.719970703125,523.6599731445312,527.489990234375,547500,0.0,0.0,-0.23829971926714322
1712,2021-06-16 00:00:00-04:00,531.1699829101562,542.4199829101562,522.239990234375,523.5800170898438,914400,0.0,0.0,-0.7412412020925685
1713,2021-06-17 00:00:00-04:00,524.0,538.5,516.75,536.010009765625,846200,0.0,0.0,2.3740387849157107
1714,2021-06-18 00:00:00-04:00,534.6599731445312,540.030029296875,532.1300048828125,537.9199829101562,914800,0.0,0.0,0.356331618763317
1715,2021-06-21 00:00:00-04:00,539.989990234375,543.739990234375,532.72998046875,534.27001953125,678800,0.0,0.0,-0.6785327734359137
1716,2021-06-22 00:00:00-04:00,533.0399780273438,535.1099853515625,526.9099731445312,534.02001953125,655600,0.0,0.0,-0.04679281839907734
1717,2021-06-23 00:00:00-04:00,532.8499755859375,534.7000122070312,523.2899780273438,529.7999877929688,636300,0.0,0.0,-0.7902384899325487
1718,2021-06-24 00:00:00-04:00,533.0900268554688,545.3699951171875,531.3300170898438,544.4500122070312,790000,0.0,0.0,2.7651990848643226
1719,2021-06-25 00:00:00-04:00,543.5900268554688,552.5,540.75,550.5499877929688,1912800,0.0,0.0,1.1203922213556483
1720,2021-06-28 00:00:00-04:00,565.5399780273438,569.989990234375,542.5499877929688,542.7000122070312,1509400,0.0,0.0,-1.4258424775207557
1721,2021-06-29 00:00:00-04:00,542.280029296875,548.02001953125,536.0800170898438,545.97998046875,721500,0.0,0.0,0.6043796181945726
1722,2021-06-30 00:00:00-04:00,545.2000122070312,561.77001953125,544.52001953125,558.5399780273438,861800,0.0,0.0,2.3004502010880223
1723,2021-07-01 00:00:00-04:00,556.5999755859375,576.9199829101562,554.9500122070312,574.6199951171875,1277400,0.0,0.0,2.878937537584192
1724,2021-07-02 00:00:00-04:00,576.0,592.8400268554688,571.5499877929688,583.6400146484375,1073700,0.0,0.0,1.5697364532903935
1725,2021-07-06 00:00:00-04:00,579.4099731445312,584.2899780273438,572.9299926757812,582.25,643900,0.0,0.0,-0.23816301376710092
1726,2021-07-07 00:00:00-04:00,584.27001953125,590.9500122070312,580.760009765625,585.9000244140625,708700,0.0,0.0,0.626882681676677
1727,2021-07-08 00:00:00-04:00,578.4400024414062,580.0,568.1500244140625,574.9199829101562,766600,0.0,0.0,-1.874046944252472
1728,2021-07-09 00:00:00-04:00,573.0,580.8499755859375,571.010009765625,580.4000244140625,550100,0.0,0.0,0.9531833414742508
1729,2021-07-12 00:00:00-04:00,579.9199829101562,586.3400268554688,571.0399780273438,574.030029296875,655300,0.0,0.0,-1.097518064996339
1730,2021-07-13 00:00:00-04:00,574.5800170898438,582.1900024414062,570.6199951171875,577.010009765625,448800,0.0,0.0,0.5191332015156425
1731,2021-07-14 00:00:00-04:00,578.5499877929688,582.8599853515625,575.5,581.0599975585938,380300,0.0,0.0,0.7018921204874351
1732,2021-07-15 00:00:00-04:00,579.9000244140625,593.2899780273438,575.0399780273438,589.3200073242188,776200,0.0,0.0,1.4215416308695605
1733,2021-07-16 00:00:00-04:00,587.8200073242188,590.0,580.0,583.239990234375,515600,0.0,0.0,-1.0317004368220584
1734,2021-07-19 00:00:00-04:00,581.260009765625,588.0,578.0,585.22998046875,552100,0.0,0.0,0.34119578007250073
1735,2021-07-20 00:00:00-04:00,588.2999877929688,593.6900024414062,580.6599731445312,587.239990234375,644800,0.0,0.0,0.3434563902579013
1736,2021-07-21 00:00:00-04:00,586.760009765625,586.760009765625,573.760009765625,583.719970703125,480800,0.0,0.0,-0.599417544749481
1737,2021-07-22 00:00:00-04:00,581.6300048828125,590.6799926757812,580.02001953125,586.8800048828125,406900,0.0,0.0,0.5413613270556894
1738,2021-07-23 00:00:00-04:00,588.8300170898438,595.47998046875,583.760009765625,586.3499755859375,628200,0.0,0.0,-0.09031306101164871
1739,2021-07-26 00:00:00-04:00,586.0,586.0,577.3699951171875,577.780029296875,488400,0.0,0.0,-1.4615752785695268
1740,2021-07-27 00:00:00-04:00,568.510009765625,581.2999877929688,565.0,581.010009765625,474700,0.0,0.0,0.5590329026568641
1741,2021-07-28 00:00:00-04:00,582.0399780273438,587.9199829101562,579.0,586.4099731445312,404000,0.0,0.0,0.9294096983087252
1742,2021-07-29 00:00:00-04:00,588.6199951171875,591.6599731445312,582.0999755859375,583.1300048828125,361400,0.0,0.0,-0.5593302317370985
1743,2021-07-30 00:00:00-04:00,581.4199829101562,583.280029296875,572.9099731445312,574.6099853515625,775600,0.0,0.0,-1.4610840567125694
1744,2021-08-02 00:00:00-04:00,577.1199951171875,580.8699951171875,570.3800048828125,577.1300048828125,362200,0.0,0.0,0.4385617367418604
1745,2021-08-03 00:00:00-04:00,576.8499755859375,587.5599975585938,570.7000122070312,586.510009765625,512800,0.0,0.0,1.6252845638682567
1746,2021-08-04 00:00:00-04:00,584.9199829101562,598.6599731445312,579.3200073242188,580.9500122070312,1042300,0.0,0.0,-0.9479799945469991
1747,2021-08-05 00:00:00-04:00,588.6199951171875,603.1400146484375,570.8499755859375,602.469970703125,1628400,0.0,0.0,3.7042702545679207
1748,2021-08-06 00:00:00-04:00,603.0900268554688,615.0,600.02001953125,610.8599853515625,1135100,0.0,0.0,1.392602960550171
1749,2021-08-09 00:00:00-04:00,610.8499755859375,624.77001953125,610.5900268554688,613.9400024414062,962300,0.0,0.0,0.504209993075766
1750,2021-08-10 00:00:00-04:00,615.72998046875,619.780029296875,604.5499877929688,614.97998046875,651200,0.0,0.0,0.1693940813773498
1751,2021-08-11 00:00:00-04:00,616.0700073242188,621.3699951171875,603.4099731445312,608.4500122070312,630400,0.0,0.0,-1.0618180215787643
1752,2021-08-12 00:00:00-04:00,607.0,611.52001953125,598.030029296875,608.0,577600,0.0,0.0,-0.07396042370003686
1753,2021-08-13 00:00:00-04:00,614.0,625.0,612.6199951171875,624.7899780273438,821200,0.0,0.0,2.761509543971008
1754,2021-08-16 00:00:00-04:00,625.6599731445312,630.0,615.0599975585938,628.5999755859375,869900,0.0,0.0,0.6098045251338835
1755,2021-08-17 00:00:00-04:00,626.1400146484375,650.0,624.010009765625,647.4400024414062,1183900,0.0,0.0,2.997140882467808
1756,2021-08-18 00:00:00-04:00,650.0,658.969970703125,633.0,635.5700073242188,1642600,0.0,0.0,-1.83337376010555
1757,2021-08-19 00:00:00-04:00,628.9299926757812,662.8699951171875,628.9299926757812,655.6300048828125,1284600,0.0,0.0,3.1562215534756577
1758,2021-08-20 00:00:00-04:00,659.0,674.0700073242188,655.6300048828125,663.27001953125,1303900,0.0,0.0,1.165293624687469
1759,2021-08-23 00:00:00-04:00,665.2100219726562,671.489990234375,642.6799926757812,667.2899780273438,992900,0.0,0.0,0.606081743139053
1760,2021-08-24 00:00:00-04:00,665.9199829101562,670.0,656.72998046875,669.9500122070312,731500,0.0,0.0,0.39863241878008715
1761,2021-08-25 00:00:00-04:00,672.8499755859375,674.0,660.7899780273438,669.1799926757812,643500,0.0,0.0,-0.11493686353005739
1762,2021-08-26 00:00:00-04:00,670.0599975585938,674.4500122070312,663.2899780273438,665.77001953125,473300,0.0,0.0,-0.5095748799805233
1763,2021-08-27 00:00:00-04:00,668.9500122070312,673.0999755859375,660.75,663.2899780273438,424600,0.0,0.0,-0.3725072369062832
1764,2021-08-30 00:00:00-04:00,664.0,678.6900024414062,660.4400024414062,677.0800170898438,865300,0.0,0.0,2.0790362464863765
1765,2021-08-31 00:00:00-04:00,677.510009765625,681.72998046875,668.3300170898438,673.4000244140625,829500,0.0,0.0,-0.5435092725964985
1766,2021-09-01 00:00:00-04:00,674.719970703125,686.280029296875,671.6300048828125,680.9600219726562,822100,0.0,0.0,1.1226607194099625
1767,2021-09-02 00:00:00-04:00,683.5,684.9000244140625,674.5700073242188,675.75,689300,0.0,0.0,-0.7650995366164759
1768,2021-09-03 00:00:00-04:00,675.6199951171875,686.6199951171875,672.0,679.5700073242188,564600,0.0,0.0,0.56529890110526
1769,2021-09-07 00:00:00-04:00,679.4199829101562,679.5800170898438,658.02001953125,668.8099975585938,717500,0.0,0.0,-1.5833555998140847
1770,2021-09-08 00:00:00-04:00,667.7999877929688,676.9400024414062,666.5700073242188,669.1900024414062,463100,0.0,0.0,0.05681806255881661
1771,2021-09-09 00:00:00-04:00,670.280029296875,672.8800048828125,644.6500244140625,646.1099853515625,1047700,0.0,0.0,-3.4489482816002837
1772,2021-09-10 00:00:00-04:00,650.0,659.760009765625,646.1099853515625,650.489990234375,747100,0.0,0.0,0.6779039145214938
1773,2021-09-13 00:00:00-04:00,651.0999755859375,653.3300170898438,636.0,639.52001953125,798000,0.0,0.0,-1.6864165272047371
1774,2021-09-14 00:00:00-04:00,639.9099731445312,650.4199829101562,639.9099731445312,645.1500244140625,602100,0.0,0.0,0.880348497446426
1775,2021-09-15 00:00:00-04:00,658.6500244140625,664.989990234375,649.010009765625,652.0,883100,0.0,0.0,1.0617647565244637
1776,2021-09-16 00:00:00-04:00,649.7100219726562,656.6699829101562,643.3800048828125,653.1799926757812,539900,0.0,0.0,0.1809804717455954
1777,2021-09-17 00:00:00-04:00,649.1699829101562,653.0,643.2899780273438,651.8800048828125,761900,0.0,0.0,-0.19902443546123694
1778,2021-09-20 00:00:00-04:00,643.8400268554688,652.0,636.1699829101562,640.8900146484375,666400,0.0,0.0,-1.685891598462308
1779,2021-09-21 00:00:00-04:00,645.1099853515625,656.8599853515625,642.8099975585938,646.9500122070312,440600,0.0,0.0,0.9455596779609721
1780,2021-09-22 00:00:00-04:00,646.9500122070312,651.010009765625,640.02001953125,647.0599975585938,561800,0.0,0.0,0.017000595020832954
1781,2021-09-23 00:00:00-04:00,647.0,655.0,644.2999877929688,646.510009765625,537400,0.0,0.0,-0.08499795923776476
1782,2021-09-24 00:00:00-04:00,644.3099975585938,644.3099975585938,632.4500122070312,638.9000244140625,654500,0.0,0.0,-1.1770870112778775
1783,2021-09-27 00:00:00-04:00,636.7100219726562,636.7100219726562,616.260009765625,619.0700073242188,783700,0.0,0.0,-3.1037746645932507
1784,2021-09-28 00:00:00-04:00,607.219970703125,617.7100219726562,603.7899780273438,605.0,1240400,0.0,0.0,-2.27276514089787
1785,2021-09-29 00:00:00-04:00,607.1400146484375,612.739990234375,604.97998046875,606.7000122070312,615100,0.0,0.0,0.280993753228298
1786,2021-09-30 00:00:00-04:00,607.760009765625,613.5800170898438,604.6199951171875,605.1799926757812,549000,0.0,0.0,-0.250538899071473
1787,2021-10-01 00:00:00-04:00,576.75,578.0,556.0499877929688,570.7899780273438,1457800,0.0,0.0,-5.682609317003906
1788,2021-10-04 00:00:00-04:00,565.3699951171875,568.1300048828125,553.0999755859375,555.4199829101562,992900,0.0,0.0,-2.6927584065694954
1789,2021-10-05 00:00:00-04:00,555.9099731445312,564.72998046875,549.27001953125,550.9000244140625,930100,0.0,0.0,-0.813791119363616
1790,2021-10-06 00:00:00-04:00,548.0,553.9299926757812,543.4099731445312,546.5700073242188,890100,0.0,0.0,-0.7859896347706896
1791,2021-10-07 00:00:00-04:00,548.1400146484375,559.75,547.3200073242188,552.02001953125,774300,0.0,0.0,0.9971297608722285
1792,2021-10-08 00:00:00-04:00,551.8800048828125,555.52001953125,543.25,550.02001953125,532300,0.0,0.0,-0.3623057007422159
1793,2021-10-11 00:00:00-04:00,549.6500244140625,557.8699951171875,545.5999755859375,546.260009765625,538600,0.0,0.0,-0.6836132562646369
1794,2021-10-12 00:00:00-04:00,546.0900268554688,549.3499755859375,541.5800170898438,544.4400024414062,521600,0.0,0.0,-0.3331760135616757
1795,2021-10-13 00:00:00-04:00,548.3300170898438,556.1799926757812,546.969970703125,547.1199951171875,664200,0.0,0.0,0.49224756883468057
1796,2021-10-14 00:00:00-04:00,553.0,565.1099853515625,552.0700073242188,555.6199951171875,1055800,0.0,0.0,1.5535897199625115
1797,2021-10-15 00:00:00-04:00,558.9299926757812,558.9299926757812,552.1599731445312,553.239990234375,838800,0.0,0.0,-0.4283511939325635
1798,2021-10-18 00:00:00-04:00,550.219970703125,552.489990234375,539.1799926757812,543.47998046875,1216200,0.0,0.0,-1.7641547859709616
1799,2021-10-19 00:00:00-04:00,548.02001953125,555.6699829101562,545.0,552.1099853515625,985700,0.0,0.0,1.5879158741724186
1800,2021-10-20 00:00:00-04:00,554.239990234375,562.719970703125,553.0,562.7100219726562,878000,0.0,0.0,1.9199139487296346
1801,2021-10-21 00:00:00-04:00,564.47998046875,570.9099731445312,562.52001953125,569.3699951171875,624200,0.0,0.0,1.18355331955593
1802,2021-10-22 00:00:00-04:00,570.030029296875,573.010009765625,565.3900146484375,572.3599853515625,493000,0.0,0.0,0.525140112759126
1803,2021-10-25 00:00:00-04:00,573.6599731445312,578.72998046875,569.530029296875,576.2000122070312,627300,0.0,0.0,0.6709111317609207
1804,2021-10-26 00:00:00-04:00,579.1400146484375,594.219970703125,575.6099853515625,592.1500244140625,845300,0.0,0.0,2.768138123763242
1805,2021-10-27 00:00:00-04:00,593.280029296875,594.0900268554688,587.7000122070312,589.5999755859375,658100,0.0,0.0,-0.4306423580153207
1806,2021-10-28 00:00:00-04:00,590.1799926757812,625.719970703125,589.1300048828125,625.1900024414062,1111400,0.0,0.0,6.036300598571054
1807,2021-10-29 00:00:00-04:00,619.1300048828125,641.260009765625,618.1099853515625,639.9400024414062,860400,0.0,0.0,2.359282768822335
1808,2021-11-01 00:00:00-04:00,640.0,648.0700073242188,635.75,639.1500244140625,913700,0.0,0.0,-0.1234456393302441
1809,2021-11-02 00:00:00-04:00,638.5800170898438,649.97998046875,633.5599975585938,638.77001953125,838400,0.0,0.0,-0.05945472397671514
1810,2021-11-03 00:00:00-04:00,637.2100219726562,652.3800048828125,632.0999755859375,652.0999755859375,718800,0.0,0.0,2.0868161696864673
1811,2021-11-04 00:00:00-04:00,657.2100219726562,659.7899780273438,630.9000244140625,647.6300048828125,1507000,0.0,0.0,-0.6854732204381042
1812,2021-11-05 00:00:00-04:00,600.0,622.8599853515625,594.5499877929688,611.5399780273438,1768400,0.0,0.0,-5.572630450005045
1813,2021-11-08 00:00:00-05:00,618.5999755859375,623.4199829101562,608.760009765625,622.780029296875,639900,0.0,0.0,1.8379912472424875
1814,2021-11-09 00:00:00-05:00,623.0800170898438,627.5700073242188,614.0,616.3099975585938,601000,0.0,0.0,-1.0388951851243444
1815,2021-11-10 00:00:00-05:00,616.8200073242188,635.72998046875,616.8200073242188,622.2000122070312,727900,0.0,0.0,0.9556902649267007
1816,2021-11-11 00:00:00-05:00,622.0,628.4600219726562,617.6500244140625,626.6400146484375,478400,0.0,0.0,0.7135972925582212
1817,2021-11-12 00:00:00-05:00,632.4400024414062,634.4600219726562,623.3099975585938,631.2000122070312,513600,0.0,0.0,0.7276901334096975
1818,2021-11-15 00:00:00-05:00,635.010009765625,649.719970703125,633.280029296875,647.72998046875,777500,0.0,0.0,2.6188162138845117
1819,2021-11-16 00:00:00-05:00,647.3400268554688,661.8400268554688,642.0999755859375,642.75,632700,0.0,0.0,-0.7688358758916936
1820,2021-11-17 00:00:00-05:00,645.0800170898438,645.530029296875,635.75,641.8300170898438,440000,0.0,0.0,-0.14313230807565525
1821,2021-11-18 00:00:00-05:00,642.2100219726562,653.27001953125,638.5999755859375,648.510009765625,564400,0.0,0.0,1.040772867880091
1822,2021-11-19 00:00:00-05:00,652.4299926757812,657.5599975585938,646.3699951171875,652.6799926757812,605700,0.0,0.0,0.6430097989795547
1823,2021-11-22 00:00:00-05:00,648.5800170898438,660.280029296875,640.8800048828125,643.6400146484375,632600,0.0,0.0,-1.3850551769302277
1824,2021-11-23 00:00:00-05:00,641.9000244140625,650.9600219726562,639.47998046875,649.3200073242188,624300,0.0,0.0,0.882479731917174
1825,2021-11-24 00:00:00-05:00,651.3800048828125,656.0,645.5499877929688,648.1799926757812,545100,0.0,0.0,-0.17557054080858947
1826,2021-11-26 00:00:00-05:00,660.0,660.9500122070312,639.780029296875,643.3499755859375,575600,0.0,0.0,-0.7451660255517467
1827,2021-11-29 00:00:00-05:00,645.3200073242188,660.5,642.4099731445312,654.4000244140625,700400,0.0,0.0,1.717579738471442
1828,2021-11-30 00:00:00-05:00,646.4099731445312,656.5999755859375,635.1199951171875,636.530029296875,1277200,0.0,0.0,-2.7307448732429296
1829,2021-12-01 00:00:00-05:00,639.1300048828125,644.4099731445312,630.1300048828125,630.5900268554688,731800,0.0,0.0,-0.9331849509076173
1830,2021-12-02 00:00:00-05:00,633.030029296875,640.030029296875,622.489990234375,634.0,563800,0.0,0.0,0.5407591302284853
1831,2021-12-03 00:00:00-05:00,637.77001953125,641.7899780273438,623.1199951171875,635.1599731445312,650400,0.0,0.0,0.18296106380619737
1832,2021-12-06 00:00:00-05:00,642.3599853515625,644.7000122070312,624.5999755859375,625.0,567500,0.0,0.0,-1.5995927914398522
1833,2021-12-07 00:00:00-05:00,628.530029296875,643.3699951171875,623.0,635.0900268554688,652500,0.0,0.0,1.614404296875005
1834,2021-12-08 00:00:00-05:00,638.1400146484375,655.75,633.3300170898438,654.0399780273438,694800,0.0,0.0,2.9838212490443494
1835,2021-12-09 00:00:00-05:00,650.0,667.5599975585938,646.6699829101562,665.719970703125,898200,0.0,0.0,1.7858224371863907
1836,2021-12-10 00:00:00-05:00,661.9400024414062,672.4500122070312,656.25,669.52001953125,791100,0.0,0.0,0.570817910736765
1837,2021-12-13 00:00:00-05:00,653.1199951171875,665.0,637.4400024414062,660.1500244140625,1074800,0.0,0.0,-1.3995093266587766
1838,2021-12-14 00:00:00-05:00,652.22998046875,673.8599853515625,651.8900146484375,670.969970703125,730800,0.0,0.0,1.6390132377357869
1839,2021-12-15 00:00:00-05:00,646.989990234375,662.6300048828125,645.0,657.9299926757812,842100,0.0,0.0,-1.9434518080859609
1840,2021-12-16 00:00:00-05:00,644.739990234375,656.3400268554688,630.0999755859375,631.739990234375,1241800,0.0,0.0,-3.9806670516558063
1841,2021-12-17 00:00:00-05:00,631.0399780273438,631.1599731445312,615.2000122070312,619.280029296875,1627100,0.0,0.0,-1.9723242362538085
1842,2021-12-20 00:00:00-05:00,620.7000122070312,625.3499755859375,602.0700073242188,603.1400146484375,912100,0.0,0.0,-2.606254664269203
1843,2021-12-21 00:00:00-05:00,608.5800170898438,608.5800170898438,598.239990234375,606.8099975585938,1108900,0.0,0.0,0.6084794278315986
1844,2021-12-22 00:00:00-05:00,608.469970703125,619.239990234375,600.8499755859375,617.47998046875,737400,0.0,0.0,1.7583729590951558
1845,2021-12-23 00:00:00-05:00,619.5,627.219970703125,618.1500244140625,625.3800048828125,398700,0.0,0.0,1.2793976588626021
1846,2021-12-27 00:00:00-05:00,625.6599731445312,636.3599853515625,623.2899780273438,634.77001953125,443700,0.0,0.0,1.5014894264483436
1847,2021-12-28 00:00:00-05:00,637.0399780273438,639.5,635.0,638.4600219726562,327800,0.0,0.0,0.5813132832157342
1848,2021-12-29 00:00:00-05:00,639.469970703125,649.0,638.75,647.280029296875,413000,0.0,0.0,1.381450211552404
1849,2021-12-30 00:00:00-05:00,647.1500244140625,651.280029296875,642.280029296875,642.510009765625,306300,0.0,0.0,-0.7369329062155039
1850,2021-12-31 00:00:00-05:00,644.3400268554688,645.5,630.6599731445312,631.52001953125,353400,0.0,0.0,-1.7104776684154555
1851,2022-01-03 00:00:00-05:00,625.0,629.3300170898438,621.8699951171875,627.0999755859375,515600,0.0,0.0,-0.6999055942190524
1852,2022-01-04 00:00:00-05:00,622.9500122070312,625.0700073242188,612.1099853515625,616.8200073242188,725400,0.0,0.0,-1.6392869816513
1853,2022-01-05 00:00:00-05:00,604.9500122070312,613.6500244140625,594.989990234375,595.1199951171875,1100800,0.0,0.0,-3.5180460992448093
1854,2022-01-06 00:00:00-05:00,600.0,606.02001953125,594.969970703125,598.4400024414062,676200,0.0,0.0,0.5578719168333413
1855,2022-01-07 00:00:00-05:00,598.4400024414062,607.010009765625,592.8599853515625,603.72998046875,584400,0.0,0.0,0.8839613003413405
1856,2022-01-10 00:00:00-05:00,603.75,621.6099853515625,602.1300048828125,621.27001953125,822700,0.0,0.0,2.9052787885209153
1857,2022-01-11 00:00:00-05:00,623.1900024414062,628.0800170898438,617.760009765625,626.0900268554688,613800,0.0,0.0,0.7758313088816804
1858,2022-01-12 00:00:00-05:00,624.4500122070312,632.3900146484375,620.8300170898438,631.4400024414062,584700,0.0,0.0,0.8545057989196359
1859,2022-01-13 00:00:00-05:00,632.75,632.75,614.1500244140625,616.1099853515625,649300,0.0,0.0,-2.4277868096052813
1860,2022-01-14 00:00:00-05:00,616.02001953125,623.2000122070312,604.7999877929688,615.239990234375,792000,0.0,0.0,-0.14120776125565726
1861,2022-01-18 00:00:00-05:00,604.52001953125,612.3900146484375,598.1300048828125,611.219970703125,974800,0.0,0.0,-0.6534067347798045
1862,2022-01-19 00:00:00-05:00,617.010009765625,628.0499877929688,612.4000244140625,618.1099853515625,656300,0.0,0.0,1.1272561399640502
1863,2022-01-20 00:00:00-05:00,621.1500244140625,622.2899780273438,612.4299926757812,614.3800048828125,765900,0.0,0.0,-0.6034493143851294
1864,2022-01-21 00:00:00-05:00,615.7999877929688,623.97998046875,610.8800048828125,621.4000244140625,1329000,0.0,0.0,1.1426184894459679
1865,2022-01-24 00:00:00-05:00,613.1300048828125,623.5399780273438,601.25,621.47998046875,1126200,0.0,0.0,0.012867082643408523
1866,2022-01-25 00:00:00-05:00,616.2899780273438,618.0,602.4000244140625,603.1900024414062,975500,0.0,0.0,-2.9429713912181965
1867,2022-01-26 00:00:00-05:00,604.469970703125,618.010009765625,600.27001953125,605.25,857900,0.0,0.0,0.34151719197199615
1868,2022-01-27 00:00:00-05:00,609.8400268554688,618.75,603.25,608.719970703125,658800,0.0,0.0,0.5733119707765466
1869,2022-01-28 00:00:00-05:00,608.2899780273438,625.0,601.8900146484375,624.9199829101562,736700,0.0,0.0,2.6613242519904157
1870,2022-01-31 00:00:00-05:00,623.1500244140625,623.1699829101562,602.510009765625,608.5900268554688,922300,0.0,0.0,-2.613127520525338
1871,2022-02-01 00:00:00-05:00,607.8300170898438,613.9299926757812,600.219970703125,613.3599853515625,738500,0.0,0.0,0.7837720444976215
1872,2022-02-02 00:00:00-05:00,613.3599853515625,623.4000244140625,596.9000244140625,622.8499755859375,1033300,0.0,0.0,1.5472137832623023
1873,2022-02-03 00:00:00-05:00,617.9099731445312,625.0,613.9600219726562,620.6900024414062,962400,0.0,0.0,-0.34678866969518607
1874,2022-02-04 00:00:00-05:00,610.010009765625,635.0,610.010009765625,622.9600219726562,1205800,0.0,0.0,0.36572516430442015
1875,2022-02-07 00:00:00-05:00,620.72998046875,625.1099853515625,613.3200073242188,622.3599853515625,905300,0.0,0.0,-0.09632024526929905
1876,2022-02-08 00:00:00-05:00,620.010009765625,621.9000244140625,612.0399780273438,617.9400024414062,846200,0.0,0.0,-0.7101971550531938
1877,2022-02-09 00:00:00-05:00,620.0,620.9600219726562,616.260009765625,619.77001953125,818500,0.0,0.0,0.29614802126640694
1878,2022-02-10 00:00:00-05:00,613.3400268554688,624.5499877929688,608.3900146484375,618.219970703125,769500,0.0,0.0,-0.2501006468975886
1879,2022-02-11 00:00:00-05:00,620.5700073242188,645.0,617.5,638.4099731445312,1111100,0.0,0.0,3.2658282485509726
1880,2022-02-14 00:00:00-05:00,638.0,639.2000122070312,614.3900146484375,623.530029296875,826900,0.0,0.0,-2.330781860183684
1881,2022-02-15 00:00:00-05:00,622.0,635.4400024414062,620.719970703125,630.1500244140625,675600,0.0,0.0,1.0616962786303308
1882,2022-02-16 00:00:00-05:00,630.6300048828125,632.1699829101562,624.25,630.9000244140625,374000,0.0,0.0,0.11901927651234434
1883,2022-02-17 00:00:00-05:00,628.3699951171875,632.2100219726562,619.510009765625,626.719970703125,627800,0.0,0.0,-0.6625540575655675
1884,2022-02-18 00:00:00-05:00,621.8200073242188,632.760009765625,614.0900268554688,615.1300048828125,718900,0.0,0.0,-1.8493053296689377
1885,2022-02-22 00:00:00-05:00,613.3099975585938,618.9600219726562,602.1699829101562,602.8900146484375,649200,0.0,0.0,-1.9898216860201434
1886,2022-02-23 00:00:00-05:00,625.0,625.0,604.1799926757812,608.97998046875,863000,0.0,0.0,1.0101288248842044
1887,2022-02-24 00:00:00-05:00,603.4000244140625,610.5599975585938,598.0700073242188,609.780029296875,533500,0.0,0.0,0.13137522640878085
1888,2022-02-25 00:00:00-05:00,610.75,622.1400146484375,608.3300170898438,618.6599731445312,427400,0.0,0.0,1.4562536359046696
1889,2022-02-28 00:00:00-05:00,611.5399780273438,620.3300170898438,607.739990234375,618.3599853515625,518900,0.0,0.0,-0.04848993081675301
1890,2022-03-01 00:00:00-05:00,615.3900146484375,623.6300048828125,603.1199951171875,607.030029296875,617300,0.0,0.0,-1.8322589305719617
1891,2022-03-02 00:00:00-05:00,604.8800048828125,619.8599853515625,604.219970703125,616.8699951171875,339600,0.0,0.0,1.6210014901091752
1892,2022-03-03 00:00:00-05:00,618.5800170898438,620.0,608.6699829101562,611.1500244140625,593100,0.0,0.0,-0.9272570798387392
1893,2022-03-04 00:00:00-05:00,604.22998046875,624.6199951171875,604.22998046875,620.4099731445312,550500,0.0,0.0,1.5151678574089278
1894,2022-03-07 00:00:00-05:00,618.4299926757812,636.3599853515625,609.010009765625,618.5900268554688,755300,0.0,0.0,-0.293345750043017
1895,2022-03-08 00:00:00-05:00,611.1699829101562,627.3400268554688,609.030029296875,614.739990234375,592200,0.0,0.0,-0.6223890547775168
1896,2022-03-09 00:00:00-05:00,622.2000122070312,626.6799926757812,614.2100219726562,623.4299926757812,538900,0.0,0.0,1.4136061716260029
1897,2022-03-10 00:00:00-05:00,616.1300048828125,632.6799926757812,615.9199829101562,630.3599853515625,480600,0.0,0.0,1.1115911581407012
1898,2022-03-11 00:00:00-05:00,633.7999877929688,652.27001953125,630.6699829101562,642.5800170898438,803200,0.0,0.0,1.9385798626583073
1899,2022-03-14 00:00:00-04:00,644.5999755859375,665.97998046875,644.5999755859375,656.4099731445312,1018900,0.0,0.0,2.15225430092294
1900,2022-03-15 00:00:00-04:00,660.260009765625,668.9400024414062,654.5,665.9299926757812,763800,0.0,0.0,1.4503161013298405
1901,2022-03-16 00:00:00-04:00,670.010009765625,678.6799926757812,663.8699951171875,677.97998046875,806200,0.0,0.0,1.8094976837656152
1902,2022-03-17 00:00:00-04:00,675.7899780273438,689.989990234375,675.02001953125,685.22998046875,808200,0.0,0.0,1.0693531090678166
1903,2022-03-18 00:00:00-04:00,686.4299926757812,688.8400268554688,677.030029296875,685.9400024414062,1170500,0.0,0.0,0.10361805421452708
1904,2022-03-21 00:00:00-04:00,687.739990234375,697.010009765625,685.6199951171875,693.2000122070312,731100,0.0,0.0,1.0584030293881552
1905,2022-03-22 00:00:00-04:00,695.0499877929688,695.0499877929688,683.6799926757812,692.6400146484375,576900,0.0,0.0,-0.0807844126849977
1906,2022-03-23 00:00:00-04:00,693.0399780273438,693.0399780273438,667.8800048828125,669.219970703125,608500,0.0,0.0,-3.3812721543671986
1907,2022-03-24 00:00:00-04:00,667.3099975585938,680.0800170898438,666.3499755859375,679.760009765625,402500,0.0,0.0,1.5749737790140994
1908,2022-03-25 00:00:00-04:00,679.9000244140625,685.010009765625,676.1400146484375,680.030029296875,366800,0.0,0.0,0.039722773827644
1909,2022-03-28 00:00:00-04:00,676.2899780273438,694.22998046875,676.2899780273438,693.4000244140625,625600,0.0,0.0,1.9660889286038596
1910,2022-03-29 00:00:00-04:00,692.5599975585938,699.0,680.1199951171875,698.4299926757812,725000,0.0,0.0,0.7254064154337492
1911,2022-03-30 00:00:00-04:00,700.0499877929688,703.030029296875,690.75,692.3800048828125,848500,0.0,0.0,-0.8662268024588138
1912,2022-03-31 00:00:00-04:00,695.77001953125,710.2100219726562,691.77001953125,698.4199829101562,1061500,0.0,0.0,0.872350152336665
1913,2022-04-01 00:00:00-04:00,701.8200073242188,701.9500122070312,685.280029296875,694.8300170898438,603500,0.0,0.0,-0.5140124721738304
1914,2022-04-04 00:00:00-04:00,700.0,704.1699829101562,692.5,698.4099731445312,498600,0.0,0.0,0.5152276048293603
1915,2022-04-05 00:00:00-04:00,697.02001953125,710.4099731445312,689.1199951171875,691.469970703125,671800,0.0,0.0,-0.9936860451977059
1916,2022-04-06 00:00:00-04:00,692.0,710.2999877929688,690.010009765625,708.3599853515625,683500,0.0,0.0,2.442624461516796
1917,2022-04-07 00:00:00-04:00,706.239990234375,725.969970703125,706.2100219726562,721.7999877929688,828000,0.0,0.0,1.897340719314622
1918,2022-04-08 00:00:00-04:00,725.0,747.4199829101562,725.0,738.8400268554688,1030100,0.0,0.0,2.3607702065225666
1919,2022-04-11 00:00:00-04:00,736.6400146484375,741.8499755859375,722.02001953125,722.3699951171875,709000,0.0,0.0,-2.229174265013545
1920,2022-04-12 00:00:00-04:00,720.6599731445312,726.3300170898438,711.6900024414062,715.7899780273438,488800,0.0,0.0,-0.9108929128176624
1921,2022-04-13 00:00:00-04:00,716.3599853515625,732.97998046875,716.3599853515625,731.8900146484375,526200,0.0,0.0,2.2492682372368566
1922,2022-04-14 00:00:00-04:00,732.25,738.989990234375,730.9400024414062,733.02001953125,795700,0.0,0.0,0.15439545016273648
1923,2022-04-18 00:00:00-04:00,726.8099975585938,732.0,719.27001953125,723.2000122070312,313300,0.0,0.0,-1.339664274176089
1924,2022-04-19 00:00:00-04:00,724.2000122070312,725.8099975585938,710.5999755859375,716.219970703125,468000,0.0,0.0,-0.9651605898906013
1925,2022-04-20 00:00:00-04:00,720.0700073242188,721.719970703125,713.010009765625,719.6199951171875,413700,0.0,0.0,0.47471790136270897
1926,2022-04-21 00:00:00-04:00,719.0,725.3200073242188,705.0999755859375,706.1099853515625,535200,0.0,0.0,-1.8773810979814343
1927,2022-04-22 00:00:00-04:00,701.530029296875,709.0599975585938,686.260009765625,688.0800170898438,609400,0.0,0.0,-2.553422078111789
1928,2022-04-25 00:00:00-04:00,684.7000122070312,690.5599975585938,673.0999755859375,690.3300170898438,514300,0.0,0.0,0.3269968527085165
1929,2022-04-26 00:00:00-04:00,683.010009765625,692.510009765625,673.8900146484375,674.8200073242188,538500,0.0,0.0,-2.2467529126154795
1930,2022-04-27 00:00:00-04:00,680.1099853515625,683.9500122070312,672.0999755859375,673.510009765625,406600,0.0,0.0,-0.19412547707174932
1931,2022-04-28 00:00:00-04:00,673.510009765625,677.5,660.8200073242188,675.5800170898438,555600,0.0,0.0,0.30734618553613924
1932,2022-04-29 00:00:00-04:00,673.9500122070312,676.6400146484375,655.9000244140625,659.1099853515625,678300,0.0,0.0,-2.437909843637509
1933,2022-05-02 00:00:00-04:00,656.969970703125,658.25,641.1699829101562,652.02001953125,737400,0.0,0.0,-1.0756878181007679
1934,2022-05-03 00:00:00-04:00,658.0999755859375,665.2999877929688,650.22998046875,660.489990234375,538700,0.0,0.0,1.29903537459084
1935,2022-05-04 00:00:00-04:00,661.2999877929688,666.25,636.7999877929688,660.8599853515625,998100,0.0,0.0,0.056018277741975986
1936,2022-05-05 00:00:00-04:00,659.989990234375,660.8699951171875,630.030029296875,639.3699951171875,754700,0.0,0.0,-3.251821976018543
1937,2022-05-06 00:00:00-04:00,639.0399780273438,639.0399780273438,622.0599975585938,623.0499877929688,773800,0.0,0.0,-2.5525137946499243
1938,2022-05-09 00:00:00-04:00,612.6699829101562,616.489990234375,597.760009765625,599.77001953125,819400,0.0,0.0,-3.7364527273619608
1939,2022-05-10 00:00:00-04:00,609.27001953125,627.8900146484375,608.2899780273438,615.0900268554688,769500,0.0,0.0,2.554313624444271
1940,2022-05-11 00:00:00-04:00,610.3699951171875,624.8300170898438,604.7100219726562,613.0499877929688,704000,0.0,0.0,-0.33166511785751585
1941,2022-05-12 00:00:00-04:00,606.7899780273438,634.1900024414062,606.77001953125,633.9600219726562,793100,0.0,0.0,3.4108204218330274
1942,2022-05-13 00:00:00-04:00,635.3800048828125,648.47998046875,629.0800170898438,645.52001953125,604500,0.0,0.0,1.8234584450014912
1943,2022-05-16 00:00:00-04:00,640.1799926757812,656.4500122070312,640.1799926757812,655.010009765625,486900,0.0,0.0,1.4701310489589892
1944,2022-05-17 00:00:00-04:00,661.8699951171875,670.9600219726562,651.8099975585938,667.5599975585938,571800,0.0,0.0,1.9159993902168493
1945,2022-05-18 00:00:00-04:00,664.0999755859375,672.5399780273438,655.25,659.2000122070312,560100,0.0,0.0,-1.2523196989239538
1946,2022-05-19 00:00:00-04:00,660.3499755859375,660.6199951171875,650.8200073242188,657.1500244140625,607700,0.0,0.0,-0.3109811521552208
1947,2022-05-20 00:00:00-04:00,661.2899780273438,664.9000244140625,647.5399780273438,661.1400146484375,544300,0.0,0.0,0.6071658047844819
1948,2022-05-23 00:00:00-04:00,671.6099853515625,686.3200073242188,668.5,681.9099731445312,593200,0.0,0.0,3.1415370475100124
1949,2022-05-24 00:00:00-04:00,681.969970703125,686.3300170898438,667.75,686.02001953125,465100,0.0,0.0,0.6027256600700248
1950,2022-05-25 00:00:00-04:00,689.0,699.6300048828125,684.7000122070312,690.8800048828125,562100,0.0,0.0,0.7084320009907774
1951,2022-05-26 00:00:00-04:00,690.1199951171875,697.010009765625,682.9000244140625,683.4400024414062,523500,0.0,0.0,-1.0768877936579213
1952,2022-05-27 00:00:00-04:00,685.719970703125,693.8099975585938,680.0,692.7999877929688,558700,0.0,0.0,1.3695401671143692
1953,2022-05-31 00:00:00-04:00,692.7999877929688,692.7999877929688,656.7100219726562,664.739990234375,1691600,0.0,0.0,-4.050230665849696
1954,2022-06-01 00:00:00-04:00,669.510009765625,672.3499755859375,651.8499755859375,658.9199829101562,610000,0.0,0.0,-0.8755313971958723
1955,2022-06-02 00:00:00-04:00,655.02001953125,655.02001953125,617.2100219726562,630.7000122070312,1276100,0.0,0.0,-4.282761402756363
1956,2022-06-03 00:00:00-04:00,628.6799926757812,635.3900146484375,625.510009765625,630.3499755859375,666500,0.0,0.0,-0.05549970101773605
1957,2022-06-06 00:00:00-04:00,625.47998046875,627.9199829101562,599.6799926757812,609.030029296875,941200,0.0,0.0,-3.382239567669487
1958,2022-06-07 00:00:00-04:00,605.4500122070312,616.6799926757812,603.22998046875,613.97998046875,515900,0.0,0.0,0.812759787491868
1959,2022-06-08 00:00:00-04:00,617.989990234375,622.8400268554688,605.3300170898438,607.760009765625,566900,0.0,0.0,-1.0130575753262039
1960,2022-06-09 00:00:00-04:00,605.1099853515625,605.9000244140625,575.3900146484375,575.47998046875,939700,0.0,0.0,-5.3113118300303075
1961,2022-06-10 00:00:00-04:00,570.9600219726562,577.8099975585938,566.77001953125,571.8099975585938,837800,0.0,0.0,-0.6377255568763451
1962,2022-06-13 00:00:00-04:00,554.6599731445312,568.1500244140625,547.5499877929688,549.2999877929688,1055000,0.0,0.0,-3.936624029263913
1963,2022-06-14 00:00:00-04:00,555.1199951171875,557.6199951171875,538.010009765625,548.3499755859375,755000,0.0,0.0,-0.1729496137162334
1964,2022-06-15 00:00:00-04:00,554.030029296875,570.4600219726562,552.3599853515625,561.1900024414062,766600,0.0,0.0,2.3415751667990037
1965,2022-06-16 00:00:00-04:00,549.6900024414062,559.3099975585938,546.9299926757812,556.75,796800,0.0,0.0,-0.7911763256812199
1966,2022-06-17 00:00:00-04:00,565.6099853515625,585.52001953125,561.7100219726562,580.9500122070312,1967600,0.0,0.0,4.346656884962963
1967,2022-06-21 00:00:00-04:00,583.4400024414062,600.0499877929688,583.4400024414062,587.6699829101562,716100,0.0,0.0,1.1567209849253413
1968,2022-06-22 00:00:00-04:00,580.719970703125,595.5599975585938,580.719970703125,586.8400268554688,539600,0.0,0.0,-0.1412282537518017
1969,2022-06-23 00:00:00-04:00,589.97998046875,609.0900268554688,589.97998046875,607.3900146484375,681900,0.0,0.0,3.5018040441249454
1970,2022-06-24 00:00:00-04:00,612.0599975585938,613.1500244140625,602.52001953125,612.489990234375,818300,0.0,0.0,0.8396541699634996
1971,2022-06-27 00:00:00-04:00,608.760009765625,610.9500122070312,601.22998046875,602.4000244140625,580900,0.0,0.0,-1.6473682804924672
1972,2022-06-28 00:00:00-04:00,600.6699829101562,604.3300170898438,593.6300048828125,594.4199829101562,534100,0.0,0.0,-1.324708031290045
1973,2022-06-29 00:00:00-04:00,597.5599975585938,607.4099731445312,590.010009765625,597.6199951171875,533000,0.0,0.0,0.5383419634320985
1974,2022-06-30 00:00:00-04:00,594.9299926757812,598.6699829101562,583.0499877929688,591.1300048828125,685400,0.0,0.0,-1.0859727397679153
1975,2022-07-01 00:00:00-04:00,587.760009765625,597.0,586.1699829101562,595.4000244140625,387800,0.0,0.0,0.7223486366753518
1976,2022-07-05 00:00:00-04:00,593.9199829101562,597.0,583.0900268554688,596.5599975585938,586000,0.0,0.0,0.1948224885735872
1977,2022-07-06 00:00:00-04:00,594.7899780273438,601.8800048828125,588.9199829101562,594.9000244140625,528900,0.0,0.0,-0.27825753508861073
1978,2022-07-07 00:00:00-04:00,598.010009765625,609.6500244140625,596.0,607.4500122070312,528000,0.0,0.0,2.109596113284695
1979,2022-07-08 00:00:00-04:00,605.5800170898438,624.47998046875,604.1199951171875,621.5700073242188,586700,0.0,0.0,2.3244702993561184
1980,2022-07-11 00:00:00-04:00,615.5499877929688,620.6400146484375,613.7000122070312,614.4600219726562,436100,0.0,0.0,-1.143875230108049
1981,2022-07-12 00:00:00-04:00,619.0900268554688,620.0,605.030029296875,610.0900268554688,415300,0.0,0.0,-0.7111927482536751
1982,2022-07-13 00:00:00-04:00,597.8499755859375,613.8200073242188,597.8499755859375,602.02001953125,433300,0.0,0.0,-1.3227568012893487
1983,2022-07-14 00:00:00-04:00,595.989990234375,605.739990234375,583.1099853515625,598.8599853515625,539500,0.0,0.0,-0.524905165470746
1984,2022-07-15 00:00:00-04:00,601.2899780273438,607.72998046875,596.239990234375,607.5399780273438,516300,0.0,0.0,1.4494193781682707
1985,2022-07-18 00:00:00-04:00,605.0,608.4099731445312,582.72998046875,586.7000122070312,562000,0.0,0.0,-3.430221314485171
1986,2022-07-19 00:00:00-04:00,594.5800170898438,597.5700073242188,588.0,595.72998046875,551900,0.0,0.0,1.5391116539694716
1987,2022-07-20 00:00:00-04:00,598.010009765625,599.25,589.7899780273438,594.5900268554688,417400,0.0,0.0,-0.1913540782997436
1988,2022-07-21 00:00:00-04:00,590.8900146484375,599.969970703125,585.3599853515625,592.4400024414062,638600,0.0,0.0,-0.36159779292516125
1989,2022-07-22 00:00:00-04:00,593.5999755859375,602.7000122070312,580.7899780273438,586.1099853515625,430000,0.0,0.0,-1.0684655093778583
1990,2022-07-25 00:00:00-04:00,580.0,588.2000122070312,575.4000244140625,587.280029296875,452600,0.0,0.0,0.19962873429133499
1991,2022-07-26 00:00:00-04:00,587.5700073242188,594.6799926757812,580.0,582.5599975585938,456100,0.0,0.0,-0.803710581463557
1992,2022-07-27 00:00:00-04:00,579.5900268554688,591.4400024414062,568.010009765625,587.9099731445312,597400,0.0,0.0,0.9183561535907492
1993,2022-07-28 00:00:00-04:00,588.8900146484375,592.030029296875,563.8200073242188,582.3699951171875,581700,0.0,0.0,-0.942317409196558
1994,2022-07-29 00:00:00-04:00,584.9500122070312,585.1500244140625,574.4600219726562,581.6900024414062,682900,0.0,0.0,-0.11676299972226412
1995,2022-08-01 00:00:00-04:00,581.530029296875,586.9000244140625,573.530029296875,576.6799926757812,513000,0.0,0.0,-0.8612851767431984
1996,2022-08-02 00:00:00-04:00,578.5,585.9600219726562,569.6500244140625,574.9600219726562,634700,0.0,0.0,-0.298253923314451
1997,2022-08-03 00:00:00-04:00,600.0,623.47998046875,595.1599731445312,608.77001953125,1151800,0.0,0.0,5.880408422587968
1998,2022-08-04 00:00:00-04:00,602.6500244140625,623.3499755859375,602.6500244140625,614.9600219726562,699300,0.0,0.0,1.0168047444538253
1999,2022-08-05 00:00:00-04:00,613.469970703125,621.6300048828125,606.9600219726562,613.6099853515625,566800,0.0,0.0,-0.21953242045932297
2000,2022-08-08 00:00:00-04:00,619.780029296875,633.9299926757812,618.8699951171875,630.6300048828125,715600,0.0,0.0,2.773752047320177
2001,2022-08-09 00:00:00-04:00,630.0,634.8499755859375,617.0999755859375,622.1500244140625,469500,0.0,0.0,-1.3446839514599018
2002,2022-08-10 00:00:00-04:00,630.0,645.9500122070312,624.780029296875,641.489990234375,682900,0.0,0.0,3.108569486680768
2003,2022-08-11 00:00:00-04:00,638.6300048828125,643.97998046875,622.3699951171875,623.9000244140625,468800,0.0,0.0,-2.742048369902983
2004,2022-08-12 00:00:00-04:00,628.8699951171875,632.5700073242188,622.2999877929688,628.7100219726562,351300,0.0,0.0,0.7709564626337428
2005,2022-08-15 00:00:00-04:00,628.7000122070312,643.7100219726562,624.7999877929688,643.2899780273438,541700,0.0,0.0,2.319027142106167
2006,2022-08-16 00:00:00-04:00,641.52001953125,649.7899780273438,638.4600219726562,648.7000122070312,607600,0.0,0.0,0.8409946314222649
2007,2022-08-17 00:00:00-04:00,640.8400268554688,652.52001953125,635.739990234375,636.3400268554688,414900,0.0,0.0,-1.9053468658819517
2008,2022-08-18 00:00:00-04:00,636.1099853515625,636.1099853515625,622.72998046875,624.8300170898438,448000,0.0,0.0,-1.8087829273451095
2009,2022-08-19 00:00:00-04:00,620.9400024414062,624.4600219726562,616.1599731445312,618.3599853515625,477700,0.0,0.0,-1.0354867021939107
2010,2022-08-22 00:00:00-04:00,616.3499755859375,620.4500122070312,608.3099975585938,612.0999755859375,534100,0.0,0.0,-1.012356865566899
2011,2022-08-23 00:00:00-04:00,610.530029296875,612.1699829101562,600.5399780273438,602.530029296875,406600,0.0,0.0,-1.5634613087349924
2012,2022-08-24 00:00:00-04:00,600.1799926757812,605.72998046875,597.0,602.7899780273438,386500,0.0,0.0,0.043142867214784886
2013,2022-08-25 00:00:00-04:00,605.9199829101562,607.9199829101562,599.510009765625,603.7999877929688,311300,0.0,0.0,0.16755583245267047
2014,2022-08-26 00:00:00-04:00,603.7999877929688,609.8499755859375,595.489990234375,596.1799926757812,516200,0.0,0.0,-1.2620065040147455
2015,2022-08-29 00:00:00-04:00,592.3599853515625,599.72998046875,587.4000244140625,592.77001953125,373100,0.0,0.0,-0.5719704093434252
2016,2022-08-30 00:00:00-04:00,595.0,596.4099731445312,585.6500244140625,588.3900146484375,393900,0.0,0.0,-0.7389045900594193
2017,2022-08-31 00:00:00-04:00,591.8400268554688,598.239990234375,579.75,581.0599975585938,785500,0.0,0.0,-1.2457752353638107
2018,2022-09-01 00:00:00-04:00,577.6199951171875,602.469970703125,577.4199829101562,600.6300048828125,479500,0.0,0.0,3.367983927037632
2019,2022-09-02 00:00:00-04:00,601.1099853515625,602.6599731445312,577.8300170898438,580.6199951171875,464600,0.0,0.0,-3.331503521794432
2020,2022-09-06 00:00:00-04:00,584.5700073242188,588.3900146484375,572.219970703125,573.969970703125,662900,0.0,0.0,-1.1453316230902955
2021,2022-09-07 00:00:00-04:00,575.4600219726562,599.5,575.4600219726562,596.4400024414062,741300,0.0,0.0,3.914844484068558
2022,2022-09-08 00:00:00-04:00,686.989990234375,718.9600219726562,652.6400146484375,708.8499755859375,3731500,0.0,0.0,18.846819912213107
2023,2022-09-09 00:00:00-04:00,711.72998046875,754.6699829101562,707.25,724.3200073242188,2144400,0.0,0.0,2.182412678436463
2024,2022-09-12 00:00:00-04:00,720.3499755859375,723.4400024414062,707.4500122070312,710.739990234375,1063000,0.0,0.0,-1.874864279948718
2025,2022-09-13 00:00:00-04:00,700.0,714.3900146484375,695.1099853515625,701.3900146484375,1039900,0.0,0.0,-1.315526875426587
2026,2022-09-14 00:00:00-04:00,701.97998046875,704.9600219726562,686.8400268554688,697.6199951171875,901200,0.0,0.0,-0.5375068724266963
2027,2022-09-15 00:00:00-04:00,694.72998046875,717.4600219726562,690.0399780273438,705.8499755859375,826200,0.0,0.0,1.1797225604704087
2028,2022-09-16 00:00:00-04:00,710.22998046875,718.1699829101562,701.4600219726562,710.2999877929688,1186800,0.0,0.0,0.6304473133029731
2029,2022-09-19 00:00:00-04:00,703.9299926757812,718.0499877929688,683.9299926757812,715.3400268554688,826000,0.0,0.0,0.7095648527547294
2030,2022-09-20 00:00:00-04:00,711.27001953125,716.010009765625,694.5,704.219970703125,769500,0.0,0.0,-1.5545133411904666
2031,2022-09-21 00:00:00-04:00,700.9099731445312,709.5900268554688,684.3400268554688,684.6300048828125,665100,0.0,0.0,-2.781796403864123
2032,2022-09-22 00:00:00-04:00,681.3599853515625,698.5,678.02001953125,688.260009765625,771000,0.0,0.0,0.5302141093617152
2033,2022-09-23 00:00:00-04:00,685.7999877929688,699.3699951171875,681.0,697.3300170898438,815900,0.0,0.0,1.3178169871161494
2034,2022-09-26 00:00:00-04:00,696.219970703125,697.1099853515625,683.0599975585938,686.0999755859375,698000,0.0,0.0,-1.6104342604915223
2035,2022-09-27 00:00:00-04:00,686.3599853515625,700.47998046875,686.3599853515625,695.010009765625,663000,0.0,0.0,1.2986495404081921
2036,2022-09-28 00:00:00-04:00,700.8900146484375,715.3300170898438,699.1599731445312,705.4199829101562,737700,0.0,0.0,1.4978162901627456
2037,2022-09-29 00:00:00-04:00,704.8300170898438,706.5900268554688,686.9099731445312,691.8200073242188,770600,0.0,0.0,-1.927926046244377
2038,2022-09-30 00:00:00-04:00,694.4000244140625,702.3800048828125,685.969970703125,688.8699951171875,800800,0.0,0.0,-0.4264132542857735
2039,2022-10-03 00:00:00-04:00,705.3900146484375,736.47998046875,694.6400146484375,735.1300048828125,1449000,0.0,0.0,6.715346885990514
2040,2022-10-04 00:00:00-04:00,738.1699829101562,743.0599975585938,728.6599731445312,739.5399780273438,874900,0.0,0.0,0.5998902391739946
2041,2022-10-05 00:00:00-04:00,738.2000122070312,749.0,728.1300048828125,745.6799926757812,569600,0.0,0.0,0.8302478339055286
2042,2022-10-06 00:00:00-04:00,743.8800048828125,746.3800048828125,728.3099975585938,731.8599853515625,696700,0.0,0.0,-1.8533429165274118
2043,2022-10-07 00:00:00-04:00,731.6599731445312,732.6900024414062,720.1400146484375,722.3699951171875,670800,0.0,0.0,-1.2966947810128304
2044,2022-10-10 00:00:00-04:00,720.1400146484375,733.8900146484375,715.0800170898438,730.9199829101562,481900,0.0,0.0,1.1836022884064823
2045,2022-10-11 00:00:00-04:00,728.510009765625,747.780029296875,723.1400146484375,737.4099731445312,644500,0.0,0.0,0.887920755502547
2046,2022-10-12 00:00:00-04:00,738.510009765625,747.77001953125,727.2000122070312,728.0599975585938,507700,0.0,0.0,-1.267948078606329
2047,2022-10-13 00:00:00-04:00,712.3699951171875,754.0,709.0700073242188,752.5599975585938,953600,0.0,0.0,3.365107282662949
2048,2022-10-14 00:00:00-04:00,752.5599975585938,761.0499877929688,726.530029296875,736.0599975585938,879300,0.0,0.0,-2.1925162184448066
2049,2022-10-17 00:00:00-04:00,734.0,739.9500122070312,728.4199829101562,735.9600219726562,627100,0.0,0.0,-0.013582532167089045
2050,2022-10-18 00:00:00-04:00,740.6599731445312,742.0,718.02001953125,722.7100219726562,699600,0.0,0.0,-1.8003695315521262
2051,2022-10-19 00:00:00-04:00,719.280029296875,722.760009765625,703.9500122070312,709.3699951171875,599400,0.0,0.0,-1.8458339375254207
2052,2022-10-20 00:00:00-04:00,709.4600219726562,713.1599731445312,702.4400024414062,705.8900146484375,480900,0.0,0.0,-0.4905733950834934
2053,2022-10-21 00:00:00-04:00,705.8900146484375,718.1799926757812,697.47998046875,713.9099731445312,1224100,0.0,0.0,1.1361484550943768
2054,2022-10-24 00:00:00-04:00,717.9500122070312,744.25,717.9500122070312,737.1500244140625,623900,0.0,0.0,3.25531959823544
2055,2022-10-25 00:00:00-04:00,736.5499877929688,751.0,731.4500122070312,747.3300170898438,833800,0.0,0.0,1.3809933308857936
2056,2022-10-26 00:00:00-04:00,739.3699951171875,755.3800048828125,728.3200073242188,733.97998046875,720800,0.0,0.0,-1.7863642990120665
2057,2022-10-27 00:00:00-04:00,742.6599731445312,742.6599731445312,722.6199951171875,724.8800048828125,498500,0.0,0.0,-1.2398125055299025
2058,2022-10-28 00:00:00-04:00,733.6099853515625,752.6099853515625,724.3400268554688,750.760009765625,690200,0.0,0.0,3.570246759254503
2059,2022-10-31 00:00:00-04:00,745.2000122070312,760.8099975585938,741.6799926757812,748.75,759500,0.0,0.0,-0.267729998865085
2060,2022-11-01 00:00:00-04:00,750.0,764.5900268554688,748.7899780273438,759.9099731445312,573000,0.0,0.0,1.4904805535267185
2061,2022-11-02 00:00:00-04:00,755.9400024414062,757.530029296875,740.0,740.47998046875,735100,0.0,0.0,-2.556880862528932
2062,2022-11-03 00:00:00-04:00,726.0700073242188,742.5700073242188,702.0700073242188,738.6799926757812,725100,0.0,0.0,-0.24308392400146372
2063,2022-11-04 00:00:00-04:00,725.1799926757812,741.0599975585938,710.6199951171875,740.2100219726562,748600,0.0,0.0,0.20713019332398996
2064,2022-11-07 00:00:00-05:00,735.989990234375,755.989990234375,735.7899780273438,750.9299926757812,598900,0.0,0.0,1.448233661381182
2065,2022-11-08 00:00:00-05:00,748.4000244140625,769.489990234375,745.2999877929688,751.9500122070312,701800,0.0,0.0,0.1358341711209743
2066,2022-11-09 00:00:00-05:00,751.0,769.6300048828125,731.1199951171875,742.9500122070312,1256400,0.0,0.0,-1.1968880715334085
2067,2022-11-10 00:00:00-05:00,758.72998046875,760.0,734.6599731445312,741.0800170898438,844800,0.0,0.0,-0.25169864546235043
2068,2022-11-11 00:00:00-05:00,736.0,737.4299926757812,706.75,734.4500122070312,951900,0.0,0.0,-0.8946408930101679
2069,2022-11-14 00:00:00-05:00,737.8800048828125,755.0,737.0,742.010009765625,727800,0.0,0.0,1.0293413347323588
2070,2022-11-15 00:00:00-05:00,749.9199829101562,749.9199829101562,717.6699829101562,728.72998046875,650500,0.0,0.0,-1.789737216762033
2071,2022-11-16 00:00:00-05:00,735.0700073242188,742.4299926757812,729.6300048828125,735.6699829101562,523500,0.0,0.0,0.9523421057745063
2072,2022-11-17 00:00:00-05:00,733.739990234375,742.219970703125,726.0399780273438,739.0800170898438,538200,0.0,0.0,0.46352770384869846
2073,2022-11-18 00:00:00-05:00,737.3200073242188,745.4000244140625,728.1400146484375,736.72998046875,496600,0.0,0.0,-0.31796782036498383
2074,2022-11-21 00:00:00-05:00,734.9600219726562,740.5900268554688,724.239990234375,738.97998046875,447100,0.0,0.0,0.3054036159310991
2075,2022-11-22 00:00:00-05:00,743.8499755859375,749.719970703125,733.9000244140625,749.22998046875,406300,0.0,0.0,1.3870470474041996
2076,2022-11-23 00:00:00-05:00,749.7999877929688,751.7000122070312,734.1599731445312,735.3599853515625,406200,0.0,0.0,-1.8512333300530592
2077,2022-11-25 00:00:00-05:00,732.6900024414062,737.239990234375,728.6099853515625,736.22998046875,229200,0.0,0.0,0.1183087378315184
2078,2022-11-28 00:00:00-05:00,740.0,750.989990234375,736.1099853515625,741.47998046875,570700,0.0,0.0,0.7130923949412393
2079,2022-11-29 00:00:00-05:00,739.9000244140625,740.0,727.0,736.0800170898438,515100,0.0,0.0,-0.7282682636276294
2080,2022-11-30 00:00:00-05:00,737.8900146484375,756.0,729.4199829101562,751.7000122070312,1824600,0.0,0.0,2.1220512382529533
2081,2022-12-01 00:00:00-05:00,756.1900024414062,768.2999877929688,752.4099731445312,761.239990234375,670000,0.0,0.0,1.2691203768021575
2082,2022-12-02 00:00:00-05:00,752.52001953125,769.0,752.0,766.3900146484375,441400,0.0,0.0,0.6765309863026037
2083,2022-12-05 00:00:00-05:00,762.0,765.489990234375,749.5800170898438,755.4500122070312,531100,0.0,0.0,-1.4274719440890316
2084,2022-12-06 00:00:00-05:00,751.280029296875,755.8699951171875,744.8099975585938,747.469970703125,502000,0.0,0.0,-1.0563295221338032
2085,2022-12-07 00:00:00-05:00,745.469970703125,767.739990234375,745.469970703125,764.27001953125,565800,0.0,0.0,2.2475884632959353
2086,2022-12-08 00:00:00-05:00,758.0800170898438,779.0,758.0800170898438,765.4199829101562,588900,0.0,0.0,0.15046558801450338
2087,2022-12-09 00:00:00-05:00,753.1799926757812,759.989990234375,746.5700073242188,750.0599975585938,508500,0.0,0.0,-2.0067395279077083
2088,2022-12-12 00:00:00-05:00,730.1699829101562,744.9400024414062,728.0,742.47998046875,843100,0.0,0.0,-1.0105881015540552
2089,2022-12-13 00:00:00-05:00,749.0999755859375,753.9400024414062,739.02001953125,747.5599975585938,671200,0.0,0.0,0.6841958333525078
2090,2022-12-14 00:00:00-05:00,741.280029296875,757.0,741.280029296875,750.0,563200,0.0,0.0,0.32639553338527083
2091,2022-12-15 00:00:00-05:00,748.1699829101562,748.1699829101562,728.0800170898438,731.27001953125,622400,0.0,0.0,-2.497330729166669
2092,2022-12-16 00:00:00-05:00,721.7999877929688,732.47998046875,720.5800170898438,723.1699829101562,1803000,0.0,0.0,-1.1076669909544368
2093,2022-12-19 00:00:00-05:00,720.989990234375,726.1500244140625,713.0,721.0999755859375,502000,0.0,0.0,-0.28624076954752997
2094,2022-12-20 00:00:00-05:00,725.239990234375,738.2899780273438,722.9600219726562,733.530029296875,551400,0.0,0.0,1.7237628805683025
2095,2022-12-21 00:00:00-05:00,734.97998046875,754.8599853515625,733.2000122070312,736.1900024414062,532500,0.0,0.0,0.36262634633799085
2096,2022-12-22 00:00:00-05:00,736.0800170898438,736.5,726.0499877929688,733.6199951171875,506300,0.0,0.0,-0.3490956567864134
2097,2022-12-23 00:00:00-05:00,733.9600219726562,735.5999755859375,718.3599853515625,726.739990234375,358600,0.0,0.0,-0.9378158895074096
2098,2022-12-27 00:00:00-05:00,726.4400024414062,727.4600219726562,708.260009765625,711.3499755859375,548600,0.0,0.0,-2.117678241907972
2099,2022-12-28 00:00:00-05:00,710.510009765625,717.9400024414062,707.8699951171875,713.030029296875,359500,0.0,0.0,0.23617822008830114
2100,2022-12-29 00:00:00-05:00,717.0,728.0900268554688,710.280029296875,721.2899780273438,432100,0.0,0.0,1.158429293449803
2101,2022-12-30 00:00:00-05:00,721.1599731445312,722.1599731445312,710.25,721.489990234375,364100,0.0,0.0,0.027729791501918122
2102,2023-01-03 00:00:00-05:00,721.8599853515625,732.4299926757812,719.3499755859375,720.469970703125,508500,0.0,0.0,-0.14137680980420564
2103,2023-01-04 00:00:00-05:00,728.1900024414062,731.8099975585938,719.1699829101562,726.489990234375,517200,0.0,0.0,0.8355684172894673
2104,2023-01-05 00:00:00-05:00,724.6900024414062,730.5599975585938,718.75,723.760009765625,499800,0.0,0.0,-0.37577674922530946
2105,2023-01-06 00:00:00-05:00,730.739990234375,747.7000122070312,721.7899780273438,737.1500244140625,602400,0.0,0.0,1.8500627926062885
2106,2023-01-09 00:00:00-05:00,693.1300048828125,708.2100219726562,668.0,680.489990234375,1664400,0.0,0.0,-7.6863640104637865
2107,2023-01-10 00:00:00-05:00,676.3699951171875,707.2100219726562,675.0,698.9500122070312,793200,0.0,0.0,2.7127543736974236
2108,2023-01-11 00:00:00-05:00,698.9000244140625,711.4299926757812,694.530029296875,709.9400024414062,592600,0.0,0.0,1.5723571131607272
2109,2023-01-12 00:00:00-05:00,707.0,715.7899780273438,697.1300048828125,714.5700073242188,538800,0.0,0.0,0.652168474362691
2110,2023-01-13 00:00:00-05:00,714.6699829101562,724.989990234375,709.5800170898438,722.1300048828125,489500,0.0,0.0,1.0579785718831003
2111,2023-01-17 00:00:00-05:00,722.1300048828125,731.3499755859375,714.1099853515625,728.1099853515625,641000,0.0,0.0,0.8281030324616356
2112,2023-01-18 00:00:00-05:00,725.1699829101562,729.3300170898438,722.219970703125,724.5499877929688,487500,0.0,0.0,-0.48893678568009413
2113,2023-01-19 00:00:00-05:00,729.3900146484375,730.0,715.4099731445312,715.5700073242188,583800,0.0,0.0,-1.2393872914281179
2114,2023-01-20 00:00:00-05:00,723.1599731445312,725.8699951171875,713.469970703125,722.0,939800,0.0,0.0,0.8985833125993326
2115,2023-01-23 00:00:00-05:00,721.530029296875,732.8900146484375,718.3400268554688,729.9099731445312,569900,0.0,0.0,1.0955641474420075
2116,2023-01-24 00:00:00-05:00,731.010009765625,732.3099975585938,722.469970703125,727.469970703125,326400,0.0,0.0,-0.33428813568534554
2117,2023-01-25 00:00:00-05:00,729.489990234375,743.9299926757812,726.2100219726562,741.1799926757812,584300,0.0,0.0,1.8846168948259079
2118,2023-01-26 00:00:00-05:00,741.1799926757812,745.5999755859375,735.0,742.2999877929688,346400,0.0,0.0,0.15110973424203866
2119,2023-01-27 00:00:00-05:00,745.6099853515625,748.280029296875,740.27001953125,742.8300170898438,417600,0.0,0.0,0.07140365156828032
2120,2023-01-30 00:00:00-05:00,749.0,749.0,732.5,736.4600219726562,499500,0.0,0.0,-0.8575306558212259
2121,2023-01-31 00:00:00-05:00,739.27001953125,759.0,739.27001953125,758.469970703125,816400,0.0,0.0,2.9886141913737063
2122,2023-02-01 00:00:00-05:00,752.1900024414062,762.0999755859375,751.27001953125,758.0,802100,0.0,0.0,-0.0619629940905031
2123,2023-02-02 00:00:00-05:00,749.2000122070312,758.719970703125,741.4500122070312,751.2000122070312,935200,0.0,0.0,-0.8970960149035312
2124,2023-02-03 00:00:00-05:00,764.489990234375,789.9500122070312,758.6300048828125,783.1300048828125,1448500,0.0,0.0,4.250531437289351
2125,2023-02-06 00:00:00-05:00,784.780029296875,800.47998046875,778.52001953125,780.8599853515625,1064700,0.0,0.0,-0.28986496713143683
2126,2023-02-07 00:00:00-05:00,765.6799926757812,778.0499877929688,763.1500244140625,769.9400024414062,885900,0.0,0.0,-1.398455947930255
2127,2023-02-08 00:00:00-05:00,766.3400268554688,768.260009765625,748.1199951171875,749.6599731445312,617500,0.0,0.0,-2.633975275030387
2128,2023-02-09 00:00:00-05:00,751.2899780273438,757.52001953125,743.7100219726562,744.77001953125,524500,0.0,0.0,-0.6522895430537412
2129,2023-02-10 00:00:00-05:00,746.1199951171875,762.72998046875,740.8400268554688,757.6099853515625,606800,0.0,0.0,1.7240175468386632
2130,2023-02-13 00:00:00-05:00,755.8699951171875,767.739990234375,754.1799926757812,763.969970703125,494800,0.0,0.0,0.8394801381361505
2131,2023-02-14 00:00:00-05:00,764.52001953125,767.52001953125,749.219970703125,754.2100219726562,486000,0.0,0.0,-1.2775304141190436
2132,2023-02-15 00:00:00-05:00,753.780029296875,756.0800170898438,747.7000122070312,752.4000244140625,341100,0.0,0.0,-0.2399858800416932
2133,2023-02-16 00:00:00-05:00,737.0,747.5599975585938,735.47998046875,736.3300170898438,555300,0.0,0.0,-2.1358329083964844
2134,2023-02-17 00:00:00-05:00,738.1599731445312,755.0900268554688,733.3300170898438,748.739990234375,492700,0.0,0.0,1.6853819424038186
2135,2023-02-21 00:00:00-05:00,748.0900268554688,752.469970703125,744.1500244140625,746.52001953125,411700,0.0,0.0,-0.29649420787983827
2136,2023-02-22 00:00:00-05:00,748.6799926757812,755.3900146484375,744.9299926757812,748.0800170898438,415500,0.0,0.0,0.20896928652673896
2137,2023-02-23 00:00:00-05:00,744.8099975585938,765.0,744.280029296875,759.6599731445312,553300,0.0,0.0,1.5479568749524164
2138,2023-02-24 00:00:00-05:00,753.8099975585938,765.2899780273438,752.0,756.989990234375,525900,0.0,0.0,-0.3514707901621006
2139,2023-02-27 00:00:00-05:00,761.1699829101562,771.6500244140625,756.969970703125,757.7899780273438,557100,0.0,0.0,0.10568010188893862
2140,2023-02-28 00:00:00-05:00,756.4500122070312,765.4400024414062,753.6300048828125,760.4199829101562,622700,0.0,0.0,0.3470625053209053
2141,2023-03-01 00:00:00-05:00,759.8900146484375,772.9400024414062,757.3800048828125,770.4400024414062,586000,0.0,0.0,1.3176954520452089
2142,2023-03-02 00:00:00-05:00,768.219970703125,772.6599731445312,762.8499755859375,768.9000244140625,425200,0.0,0.0,-0.19988292695911625
2143,2023-03-03 00:00:00-05:00,771.4199829101562,779.8400268554688,766.3499755859375,779.2999877929688,604800,0.0,0.0,1.3525768043552322
2144,2023-03-06 00:00:00-05:00,777.989990234375,785.280029296875,774.8499755859375,780.3800048828125,469500,0.0,0.0,0.13858810557696444
2145,2023-03-07 00:00:00-05:00,782.0,783.5900268554688,772.510009765625,773.8499755859375,757900,0.0,0.0,-0.8367755780538721
2146,2023-03-08 00:00:00-05:00,774.1300048828125,774.1300048828125,744.0,745.2000122070312,670300,0.0,0.0,-3.702263265849859
2147,2023-03-09 00:00:00-05:00,745.739990234375,755.239990234375,738.77001953125,743.75,600000,0.0,0.0,-0.19458027150816015
2148,2023-03-10 00:00:00-05:00,746.7899780273438,759.25,744.0599975585938,747.0,505300,0.0,0.0,0.43697478991595595
2149,2023-03-13 00:00:00-04:00,749.1699829101562,769.2000122070312,748.280029296875,752.3300170898438,505200,0.0,0.0,0.7135230374623491
2150,2023-03-14 00:00:00-04:00,755.3900146484375,769.97998046875,754.2000122070312,766.7999877929688,535500,0.0,0.0,1.9233541629905426
2151,2023-03-15 00:00:00-04:00,760.8099975585938,766.1599731445312,755.0,760.2999877929688,499300,0.0,0.0,-0.8476786780746481
2152,2023-03-16 00:00:00-04:00,753.0800170898438,753.0800170898438,725.6599731445312,749.75,1023900,0.0,0.0,-1.3876085706108876
2153,2023-03-17 00:00:00-04:00,749.9199829101562,754.3200073242188,743.9500122070312,747.6500244140625,893600,0.0,0.0,-0.2800901081610574
2154,2023-03-20 00:00:00-04:00,748.6599731445312,760.3300170898438,745.7899780273438,759.25,587800,0.0,0.0,1.5515248053430408
2155,2023-03-21 00:00:00-04:00,764.6500244140625,765.010009765625,751.97998046875,759.760009765625,372100,0.0,0.0,0.06717283709252175
2156,2023-03-22 00:00:00-04:00,760.2999877929688,764.3900146484375,751.010009765625,751.2999877929688,322900,0.0,0.0,-1.1135124070647096
2157,2023-03-23 00:00:00-04:00,806.469970703125,812.6900024414062,790.489990234375,802.1599731445312,1994000,0.0,0.0,6.769597521353576
2158,2023-03-24 00:00:00-04:00,805.0499877929688,824.0,801.010009765625,820.0,1129400,0.0,0.0,2.223998635276514
2159,2023-03-27 00:00:00-04:00,821.3800048828125,832.47998046875,817.8699951171875,820.4099731445312,802000,0.0,0.0,0.04999672494283569
2160,2023-03-28 00:00:00-04:00,824.0,827.3599853515625,819.219970703125,826.969970703125,362500,0.0,0.0,0.7995999284906352
2161,2023-03-29 00:00:00-04:00,830.0,835.0,818.2899780273438,819.3499755859375,459200,0.0,0.0,-0.9214355281496722
2162,2023-03-30 00:00:00-04:00,816.010009765625,825.0800170898438,804.6400146484375,811.5,625800,0.0,0.0,-0.9580735729349144
2163,2023-03-31 00:00:00-04:00,814.9000244140625,822.52001953125,810.9500122070312,821.6699829101562,866200,0.0,0.0,1.2532326445047648
2164,2023-04-03 00:00:00-04:00,818.7999877929688,826.5599975585938,815.5900268554688,826.1900024414062,451400,0.0,0.0,0.5501015766988582
2165,2023-04-04 00:00:00-04:00,825.8499755859375,830.6699829101562,820.010009765625,822.0900268554688,398000,0.0,0.0,-0.49625093184643143
2166,2023-04-05 00:00:00-04:00,824.7000122070312,837.5499877929688,823.8599853515625,825.219970703125,560000,0.0,0.0,0.3807300594107055
2167,2023-04-06 00:00:00-04:00,823.4299926757812,834.0,823.4299926757812,828.72998046875,550000,0.0,0.0,0.4253423196525885
2168,2023-04-10 00:00:00-04:00,824.3699951171875,826.0700073242188,815.8200073242188,823.760009765625,377100,0.0,0.0,-0.5997092925628
2169,2023-04-11 00:00:00-04:00,822.9400024414062,825.5999755859375,817.4400024414062,819.6400146484375,291400,0.0,0.0,-0.5001450748209679
2170,2023-04-12 00:00:00-04:00,824.9600219726562,827.7999877929688,816.8900146484375,820.4299926757812,414200,0.0,0.0,0.09638109575245135
2171,2023-04-13 00:00:00-04:00,822.4500122070312,834.1199951171875,822.4500122070312,830.3499755859375,471900,0.0,0.0,1.2091199735156932
2172,2023-04-14 00:00:00-04:00,828.8400268554688,831.3300170898438,821.8800048828125,829.3300170898438,456900,0.0,0.0,-0.12283477161230127
2173,2023-04-17 00:00:00-04:00,833.6199951171875,833.6199951171875,818.6500244140625,819.739990234375,351400,0.0,0.0,-1.1563583444285097
2174,2023-04-18 00:00:00-04:00,822.1699829101562,823.3800048828125,804.1500244140625,808.010009765625,499700,0.0,0.0,-1.4309391524739756
2175,2023-04-19 00:00:00-04:00,804.72998046875,810.1699829101562,803.52001953125,808.8599853515625,352700,0.0,0.0,0.1051936950860366
2176,2023-04-20 00:00:00-04:00,805.4199829101562,805.6199951171875,796.22998046875,798.0999755859375,495400,0.0,0.0,-1.3302685211889043
2177,2023-04-21 00:00:00-04:00,798.4199829101562,804.719970703125,797.260009765625,800.72998046875,545500,0.0,0.0,0.3295332619051461
2178,2023-04-24 00:00:00-04:00,800.4299926757812,806.1900024414062,795.1300048828125,797.0399780273438,374800,0.0,0.0,-0.4608298092255936
2179,2023-04-25 00:00:00-04:00,797.27001953125,801.8200073242188,784.8400268554688,789.5800170898438,468000,0.0,0.0,-0.9359581881906665
2180,2023-04-26 00:00:00-04:00,781.77001953125,784.77001953125,771.1400146484375,778.0,585600,0.0,0.0,-1.4666046302088898
2181,2023-04-27 00:00:00-04:00,775.3300170898438,796.4199829101562,774.0599975585938,792.2899780273438,749300,0.0,0.0,1.836758101200986
2182,2023-04-28 00:00:00-04:00,788.989990234375,806.0800170898438,788.0,801.7899780273438,470400,0.0,0.0,1.1990559345018248
2183,2023-05-01 00:00:00-04:00,803.7100219726562,811.5499877929688,802.1199951171875,806.719970703125,297500,0.0,0.0,0.614873322302012
2184,2023-05-02 00:00:00-04:00,806.719970703125,815.239990234375,796.52001953125,798.4500122070312,610700,0.0,0.0,-1.0251337262527138
2185,2023-05-03 00:00:00-04:00,804.7899780273438,812.989990234375,798.8099975585938,803.1699829101562,786000,0.0,0.0,0.591141665848105
2186,2023-05-04 00:00:00-04:00,775.5399780273438,776.5800170898438,746.1300048828125,753.8800048828125,1229000,0.0,0.0,-6.13692980018371
2187,2023-05-05 00:00:00-04:00,753.8800048828125,768.5900268554688,744.8900146484375,762.0999755859375,637000,0.0,0.0,1.0903553151542678
2188,2023-05-08 00:00:00-04:00,761.9299926757812,761.9299926757812,746.1400146484375,752.1199951171875,539900,0.0,0.0,-1.3095369096524312
2189,2023-05-09 00:00:00-04:00,753.1900024414062,757.4000244140625,750.5700073242188,754.8800048828125,464300,0.0,0.0,0.3669640195105961
2190,2023-05-10 00:00:00-04:00,756.3599853515625,756.3599853515625,746.4500122070312,749.5900268554688,432800,0.0,0.0,-0.7007707176142519
2191,2023-05-11 00:00:00-04:00,750.1300048828125,750.1300048828125,740.1099853515625,745.5700073242188,661800,0.0,0.0,-0.5362957599788221
2192,2023-05-12 00:00:00-04:00,749.1699829101562,751.8800048828125,743.530029296875,744.3499755859375,394100,0.0,0.0,-0.16363744870314667
2193,2023-05-15 00:00:00-04:00,744.8099975585938,751.969970703125,742.9500122070312,750.9600219726562,355900,0.0,0.0,0.8880293683781515
2194,2023-05-16 00:00:00-04:00,747.989990234375,747.989990234375,738.52001953125,742.280029296875,420900,0.0,0.0,-1.15585283128391
2195,2023-05-17 00:00:00-04:00,739.510009765625,751.1500244140625,732.489990234375,749.6300048828125,524000,0.0,0.0,0.9901890520885637
2196,2023-05-18 00:00:00-04:00,747.27001953125,749.5499877929688,739.760009765625,747.47998046875,501500,0.0,0.0,-0.28681141363846585
2197,2023-05-19 00:00:00-04:00,752.2999877929688,764.0599975585938,750.1799926757812,759.0499877929688,555900,0.0,0.0,1.5478685217714006
2198,2023-05-22 00:00:00-04:00,762.4000244140625,768.1199951171875,743.1300048828125,751.5,626900,0.0,0.0,-0.9946627909080519
2199,2023-05-23 00:00:00-04:00,753.2100219726562,756.3900146484375,748.3900146484375,748.5599975585938,411300,0.0,0.0,-0.3912178897413465
2200,2023-05-24 00:00:00-04:00,750.3200073242188,751.280029296875,735.3800048828125,737.4000244140625,547200,0.0,0.0,-1.4908588731603611
2201,2023-05-25 00:00:00-04:00,733.0399780273438,736.1900024414062,724.030029296875,725.0,569300,0.0,0.0,-1.6815871987413522
2202,2023-05-26 00:00:00-04:00,725.0,726.77001953125,719.0,725.0499877929688,750800,0.0,0.0,0.006894867995699272
2203,2023-05-30 00:00:00-04:00,720.02001953125,729.4500122070312,717.8800048828125,728.5999755859375,497000,0.0,0.0,0.4896197300512828
2204,2023-05-31 00:00:00-04:00,730.9000244140625,736.7100219726562,727.4099731445312,735.5599975585938,740200,0.0,0.0,0.9552597043472444
2205,2023-06-01 00:00:00-04:00,736.0,740.0399780273438,729.02001953125,731.1699829101562,526600,0.0,0.0,-0.5968261818218079
2206,2023-06-02 00:00:00-04:00,730.3099975585938,740.1799926757812,724.1199951171875,739.9500122070312,527300,0.0,0.0,1.2008191668275714
2207,2023-06-05 00:00:00-04:00,742.5999755859375,751.27001953125,740.5,750.27001953125,544300,0.0,0.0,1.3946897971442107
2208,2023-06-06 00:00:00-04:00,751.8400268554688,754.5,745.4199829101562,748.1400146484375,394600,0.0,0.0,-0.28389844021000643
2209,2023-06-07 00:00:00-04:00,744.02001953125,746.8599853515625,737.8200073242188,738.6300048828125,473700,0.0,0.0,-1.271153738527664
2210,2023-06-08 00:00:00-04:00,736.9600219726562,751.239990234375,736.9600219726562,750.1199951171875,359400,0.0,0.0,1.555581300301756
2211,2023-06-09 00:00:00-04:00,750.1199951171875,751.6099853515625,743.030029296875,746.52001953125,536600,0.0,0.0,-0.47991996072243026
2212,2023-06-12 00:00:00-04:00,747.8400268554688,754.6199951171875,745.030029296875,754.010009765625,415100,0.0,0.0,1.00332074671996
2213,2023-06-13 00:00:00-04:00,755.1900024414062,767.760009765625,755.1900024414062,767.3499755859375,474000,0.0,0.0,1.7692027489739859
2214,2023-06-14 00:00:00-04:00,768.0800170898438,774.4600219726562,761.8599853515625,771.1099853515625,495600,0.0,0.0,0.4899993334532837
2215,2023-06-15 00:00:00-04:00,773.280029296875,788.52001953125,771.3499755859375,783.0700073242188,648100,0.0,0.0,1.5510137593670814
2216,2023-06-16 00:00:00-04:00,788.0700073242188,794.0,781.3699951171875,783.0499877929688,993700,0.0,0.0,-0.002556544250542636
2217,2023-06-20 00:00:00-04:00,778.9600219726562,787.4099731445312,775.8099975585938,781.2100219726562,507800,0.0,0.0,-0.23497424800407174
2218,2023-06-21 00:00:00-04:00,781.780029296875,786.4299926757812,778.0700073242188,778.77001953125,371100,0.0,0.0,-0.3123362953338593
2219,2023-06-22 00:00:00-04:00,780.280029296875,783.4299926757812,777.0,779.8099975585938,447900,0.0,0.0,0.1335410970198625
2220,2023-06-23 00:00:00-04:00,779.2100219726562,787.1199951171875,771.6199951171875,779.72998046875,615100,0.0,0.0,-0.01026110079305198
2221,2023-06-26 00:00:00-04:00,781.9400024414062,785.6400146484375,765.02001953125,784.3800048828125,586800,0.0,0.0,0.5963634245879534
2222,2023-06-27 00:00:00-04:00,785.9600219726562,786.2899780273438,705.0,716.0900268554688,2034500,0.0,0.0,-8.70623646730342
2223,2023-06-28 00:00:00-04:00,708.2100219726562,710.0499877929688,684.8099975585938,700.030029296875,1828300,0.0,0.0,-2.2427344267196725
2224,2023-06-29 00:00:00-04:00,696.77001953125,709.47998046875,689.02001953125,708.4199829101562,914900,0.0,0.0,1.1985133868768871
2225,2023-06-30 00:00:00-04:00,710.1599731445312,719.5999755859375,704.280029296875,718.5399780273438,1015200,0.0,0.0,1.4285304425794232
2226,2023-07-03 00:00:00-04:00,710.0900268554688,722.0,710.0900268554688,718.0900268554688,345000,0.0,0.0,-0.06262020007714586
2227,2023-07-05 00:00:00-04:00,716.3599853515625,719.3599853515625,712.3800048828125,717.8300170898438,641900,0.0,0.0,-0.03620851925260071
2228,2023-07-06 00:00:00-04:00,713.0599975585938,714.7000122070312,703.760009765625,704.8300170898438,608800,0.0,0.0,-1.8110137066576493
2229,2023-07-07 00:00:00-04:00,700.5900268554688,701.1500244140625,692.030029296875,692.4500122070312,696900,0.0,0.0,-1.7564525605660242
2230,2023-07-10 00:00:00-04:00,690.0,707.4500122070312,688.52001953125,703.3599853515625,1078900,0.0,0.0,1.5755611166440975
2231,2023-07-11 00:00:00-04:00,707.9400024414062,717.9199829101562,705.030029296875,716.8300170898438,570400,0.0,0.0,1.915097818871292
2232,2023-07-12 00:00:00-04:00,717.75,724.4199829101562,714.1500244140625,718.4199829101562,588900,0.0,0.0,0.2218051396295273
2233,2023-07-13 00:00:00-04:00,722.5700073242188,730.8300170898438,720.0,720.97998046875,413000,0.0,0.0,0.3563371870898946
2234,2023-07-14 00:00:00-04:00,721.1199951171875,721.3499755859375,715.219970703125,718.52001953125,621500,0.0,0.0,-0.34119684375988335
2235,2023-07-17 00:00:00-04:00,718.8800048828125,728.4400024414062,717.989990234375,721.6099853515625,550200,0.0,0.0,0.4300458910425853
2236,2023-07-18 00:00:00-04:00,720.0,726.8200073242188,715.5399780273438,726.5499877929688,481900,0.0,0.0,0.6845806656901487
2237,2023-07-19 00:00:00-04:00,727.5800170898438,732.0,718.6300048828125,719.010009765625,581100,0.0,0.0,-1.0377782883525755
2238,2023-07-20 00:00:00-04:00,720.0,731.3099975585938,720.0,723.02001953125,628800,0.0,0.0,0.5577126481079331
2239,2023-07-21 00:00:00-04:00,728.7899780273438,738.530029296875,721.5800170898438,734.6300048828125,1813600,0.0,0.0,1.605762639752295
2240,2023-07-24 00:00:00-04:00,730.4500122070312,733.5900268554688,723.9099731445312,727.1300048828125,543600,0.0,0.0,-1.0209220900521787
2241,2023-07-25 00:00:00-04:00,723.219970703125,732.6599731445312,721.510009765625,729.8800048828125,444600,0.0,0.0,0.37819921905755116
2242,2023-07-26 00:00:00-04:00,729.8800048828125,733.2100219726562,724.260009765625,730.9600219726562,399300,0.0,0.0,0.14797186970714193
2243,2023-07-27 00:00:00-04:00,731.2100219726562,751.7899780273438,731.2100219726562,744.6599731445312,884300,0.0,0.0,1.8742408285069567
2244,2023-07-28 00:00:00-04:00,740.0,748.6799926757812,723.5599975585938,746.0999755859375,744800,0.0,0.0,0.1933771779521587
2245,2023-07-31 00:00:00-04:00,745.469970703125,745.469970703125,734.8499755859375,741.9099731445312,445000,0.0,0.0,-0.5615872642423914
2246,2023-08-01 00:00:00-04:00,744.6599731445312,744.6599731445312,732.4500122070312,739.0700073242188,334300,0.0,0.0,-0.38279116376822575
2247,2023-08-02 00:00:00-04:00,740.719970703125,744.780029296875,726.1199951171875,732.1199951171875,623600,0.0,0.0,-0.9403726491612807
2248,2023-08-03 00:00:00-04:00,762.0,787.8400268554688,759.1500244140625,771.4500122070312,1068800,0.0,0.0,5.372072522558047
2249,2023-08-04 00:00:00-04:00,775.739990234375,784.8300170898438,765.0599975585938,766.4400024414062,501000,0.0,0.0,-0.6494276604250615
2250,2023-08-07 00:00:00-04:00,769.6900024414062,782.27001953125,765.280029296875,774.739990234375,474000,0.0,0.0,1.0829272697836956
2251,2023-08-08 00:00:00-04:00,775.9199829101562,781.2899780273438,770.6500244140625,780.3200073242188,441800,0.0,0.0,0.7202438444097403
2252,2023-08-09 00:00:00-04:00,782.0,795.8400268554688,780.0,785.6099853515625,430100,0.0,0.0,0.6779241820908277
2253,2023-08-10 00:00:00-04:00,789.0,799.4400024414062,789.0,793.010009765625,387300,0.0,0.0,0.9419463285909035
2254,2023-08-11 00:00:00-04:00,794.6900024414062,809.6599731445312,794.6900024414062,806.9500122070312,526100,0.0,0.0,1.7578595818136256
2255,2023-08-14 00:00:00-04:00,809.8599853515625,809.9500122070312,800.7999877929688,808.3800048828125,354500,0.0,0.0,0.17720957359801393
2256,2023-08-15 00:00:00-04:00,804.4199829101562,810.5,800.8900146484375,805.9099731445312,269200,0.0,0.0,-0.3055532946586559
2257,2023-08-16 00:00:00-04:00,803.9400024414062,808.989990234375,796.9600219726562,797.3400268554688,345100,0.0,0.0,-1.0633875463315068
2258,2023-08-17 00:00:00-04:00,800.1099853515625,800.1099853515625,794.6699829101562,796.72998046875,320600,0.0,0.0,-0.0765101921603839
2259,2023-08-18 00:00:00-04:00,794.8499755859375,821.0,790.3400268554688,812.4000244140625,1064200,0.0,0.0,1.9667948149877823
2260,2023-08-21 00:00:00-04:00,825.0,846.1799926757812,820.6099853515625,844.3699951171875,1082900,0.0,0.0,3.9352498451957985
2261,2023-08-22 00:00:00-04:00,842.3300170898438,847.5,835.9299926757812,840.6300048828125,765900,0.0,0.0,-0.44293263095592783
2262,2023-08-23 00:00:00-04:00,845.0,847.5,837.8300170898438,840.8099975585938,540500,0.0,0.0,0.021411640642821084
2263,2023-08-24 00:00:00-04:00,842.8200073242188,845.0900268554688,830.239990234375,831.2100219726562,457800,0.0,0.0,-1.1417532633784533
2264,2023-08-25 00:00:00-04:00,832.530029296875,834.989990234375,826.469970703125,830.3499755859375,404500,0.0,0.0,-0.10346920320782882
2265,2023-08-28 00:00:00-04:00,833.4099731445312,833.4099731445312,828.0,830.8900146484375,249600,0.0,0.0,0.06503752374038552
2266,2023-08-29 00:00:00-04:00,833.3699951171875,836.6300048828125,824.5999755859375,830.1900024414062,407200,0.0,0.0,-0.08424847990590179
2267,2023-08-30 00:00:00-04:00,830.75,835.030029296875,829.3200073242188,834.9500122070312,302100,0.0,0.0,0.5733638988215883
2268,2023-08-31 00:00:00-04:00,835.8699951171875,835.8699951171875,825.7999877929688,826.489990234375,457500,0.0,0.0,-1.0132369422085286
2269,2023-09-01 00:00:00-04:00,834.5499877929688,837.9199829101562,829.030029296875,831.6300048828125,253600,0.0,0.0,0.621908880829869
2270,2023-09-05 00:00:00-04:00,835.3900146484375,835.6900024414062,822.0,822.9099731445312,314300,0.0,0.0,-1.0485470325845236
2271,2023-09-06 00:00:00-04:00,825.239990234375,825.239990234375,808.1300048828125,818.3900146484375,396200,0.0,0.0,-0.549265246940922
2272,2023-09-07 00:00:00-04:00,821.2000122070312,827.530029296875,817.280029296875,825.260009765625,356900,0.0,0.0,0.8394524608341891
2273,2023-09-08 00:00:00-04:00,830.3599853515625,841.1599731445312,825.2999877929688,830.6900024414062,421600,0.0,0.0,0.6579735612444626
2274,2023-09-11 00:00:00-04:00,824.47998046875,835.8499755859375,822.8900146484375,833.530029296875,374800,0.0,0.0,0.3418876894054179
2275,2023-09-12 00:00:00-04:00,835.489990234375,837.2999877929688,829.4600219726562,832.77001953125,296100,0.0,0.0,-0.0911796502719997
2276,2023-09-13 00:00:00-04:00,832.5800170898438,835.5499877929688,824.97998046875,826.25,396500,0.0,0.0,-0.7829315871529574
2277,2023-09-14 00:00:00-04:00,830.0,838.0599975585938,826.530029296875,832.3800048828125,388900,0.0,0.0,0.741906793683822
2278,2023-09-15 00:00:00-04:00,832.8499755859375,836.3499755859375,822.0999755859375,823.4000244140625,1032400,0.0,0.0,-1.078831833546301
2279,2023-09-18 00:00:00-04:00,824.7999877929688,828.510009765625,817.0800170898438,824.510009765625,406100,0.0,0.0,0.1348051152114449
2280,2023-09-19 00:00:00-04:00,825.27001953125,836.97998046875,823.5999755859375,836.760009765625,344100,0.0,0.0,1.4857309013728281
2281,2023-09-20 00:00:00-04:00,838.0599975585938,838.1099853515625,830.9000244140625,831.6199951171875,304300,0.0,0.0,-0.6142758483256405
2282,2023-09-21 00:00:00-04:00,829.9199829101562,832.1500244140625,817.5,823.3800048828125,400300,0.0,0.0,-0.9908359927317312
2283,2023-09-22 00:00:00-04:00,822.02001953125,831.5,818.2999877929688,824.8400268554688,464500,0.0,0.0,0.17732055235710753
2284,2023-09-25 00:00:00-04:00,823.0499877929688,834.8300170898438,820.1300048828125,834.6400146484375,294700,0.0,0.0,1.188107690448681
2285,2023-09-26 00:00:00-04:00,835.0,840.4500122070312,827.4400024414062,832.4099731445312,479800,0.0,0.0,-0.26718602808009084
2286,2023-09-27 00:00:00-04:00,832.4099731445312,839.4199829101562,830.719970703125,832.5599975585938,380300,0.0,0.0,0.01802289964112358
2287,2023-09-28 00:00:00-04:00,833.2999877929688,837.469970703125,826.3499755859375,834.5700073242188,369900,0.0,0.0,0.24142521518197846
2288,2023-09-29 00:00:00-04:00,833.489990234375,833.6799926757812,819.9099731445312,822.9600219726562,409800,0.0,0.0,-1.3911337874202068
2289,2023-10-02 00:00:00-04:00,827.0,833.280029296875,808.9000244140625,818.030029296875,487700,0.0,0.0,-0.5990561563323449
2290,2023-10-03 00:00:00-04:00,812.0,813.739990234375,799.77001953125,808.3099975585938,426700,0.0,0.0,-1.18822431819966
2291,2023-10-04 00:00:00-04:00,809.1599731445312,816.7000122070312,805.9299926757812,814.989990234375,344600,0.0,0.0,0.8264147042542414
2292,2023-10-05 00:00:00-04:00,814.989990234375,831.6500244140625,814.969970703125,831.1199951171875,387300,0.0,0.0,1.9791660113732013
2293,2023-10-06 00:00:00-04:00,829.4000244140625,842.0,825.9500122070312,836.5700073242188,392400,0.0,0.0,0.655743122419139
2294,2023-10-09 00:00:00-04:00,834.97998046875,840.010009765625,826.27001953125,831.8200073242188,256700,0.0,0.0,-0.567794680470668
2295,2023-10-10 00:00:00-04:00,829.5,838.7000122070312,825.7899780273438,834.9600219726562,261400,0.0,0.0,0.37748727137956184
2296,2023-10-11 00:00:00-04:00,838.8699951171875,838.8699951171875,827.739990234375,836.0700073242188,306800,0.0,0.0,0.13293874225739355
2297,2023-10-12 00:00:00-04:00,836.2100219726562,840.0900268554688,829.5499877929688,838.489990234375,308200,0.0,0.0,0.2894474014085491
2298,2023-10-13 00:00:00-04:00,845.0900268554688,853.969970703125,836.1699829101562,839.6300048828125,526400,0.0,0.0,0.13596043622641218
2299,2023-10-16 00:00:00-04:00,842.8099975585938,847.0,837.3300170898438,843.6599731445312,381400,0.0,0.0,0.4799695387590619
2300,2023-10-17 00:00:00-04:00,843.0,844.2000122070312,833.3200073242188,836.8499755859375,323100,0.0,0.0,-0.8071969484591324
2301,2023-10-18 00:00:00-04:00,833.260009765625,833.5800170898438,824.7999877929688,826.030029296875,383800,0.0,0.0,-1.2929373967522362
2302,2023-10-19 00:00:00-04:00,823.5800170898438,824.5399780273438,805.469970703125,808.6400146484375,488400,0.0,0.0,-2.105252113320877
2303,2023-10-20 00:00:00-04:00,808.2899780273438,818.5700073242188,803.9600219726562,808.469970703125,743100,0.0,0.0,-0.021028386207977423
2304,2023-10-23 00:00:00-04:00,810.1799926757812,810.7899780273438,792.27001953125,795.5399780273438,473400,0.0,0.0,-1.5993163808590283
2305,2023-10-24 00:00:00-04:00,796.0,808.75,795.7100219726562,804.280029296875,346900,0.0,0.0,1.0986313084106136
2306,2023-10-25 00:00:00-04:00,801.3099975585938,802.4099731445312,789.02001953125,797.0399780273438,340100,0.0,0.0,-0.9001903573138237
2307,2023-10-26 00:00:00-04:00,794.5800170898438,797.780029296875,787.4600219726562,792.010009765625,351200,0.0,0.0,-0.6310810499327579
2308,2023-10-27 00:00:00-04:00,792.4000244140625,792.4500122070312,769.1900024414062,775.1799926757812,438900,0.0,0.0,-2.1249753011106765
2309,2023-10-30 00:00:00-04:00,779.530029296875,783.97998046875,774.719970703125,777.6699829101562,371300,0.0,0.0,0.32121446088668737
2310,2023-10-31 00:00:00-04:00,775.1400146484375,782.260009765625,772.8400268554688,779.8900146484375,382200,0.0,0.0,0.2854722166302004
2311,2023-11-01 00:00:00-04:00,783.9099731445312,793.5800170898438,774.97998046875,791.27001953125,419500,0.0,0.0,1.4591807394716438
2312,2023-11-02 00:00:00-04:00,791.8699951171875,831.1500244140625,788.1199951171875,818.7899780273438,729300,0.0,0.0,3.4779478328266
2313,2023-11-03 00:00:00-04:00,838.1599731445312,839.2000122070312,811.9199829101562,816.9000244140625,456200,0.0,0.0,-0.23082275846054712
2314,2023-11-06 00:00:00-05:00,823.1400146484375,840.25,820.1300048828125,832.4099731445312,422700,0.0,0.0,1.8986348717021428
2315,2023-11-07 00:00:00-05:00,838.4600219726562,838.4600219726562,823.9000244140625,830.7899780273438,670800,0.0,0.0,-0.19461505381389577
2316,2023-11-08 00:00:00-05:00,834.3300170898438,834.3300170898438,813.3800048828125,822.7899780273438,637200,0.0,0.0,-0.9629389149584444
2317,2023-11-09 00:00:00-05:00,815.489990234375,816.6799926757812,796.4099731445312,800.260009765625,622200,0.0,0.0,-2.7382404821865713
2318,2023-11-10 00:00:00-05:00,806.8800048828125,806.8800048828125,783.5700073242188,798.9400024414062,994800,0.0,0.0,-0.16494730563949567
2319,2023-11-13 00:00:00-05:00,795.9199829101562,803.3599853515625,788.0399780273438,796.7000122070312,736700,0.0,0.0,-0.2803702690477361
2320,2023-11-14 00:00:00-05:00,805.0,805.5999755859375,792.5499877929688,793.7000122070312,545200,0.0,0.0,-0.37655327651989756
2321,2023-11-15 00:00:00-05:00,790.6599731445312,798.5,784.9600219726562,792.3800048828125,502100,0.0,0.0,-0.16631060903580241
2322,2023-11-16 00:00:00-05:00,802.0599975585938,802.0599975585938,785.8300170898438,796.5399780273438,493800,0.0,0.0,0.524997238559366
2323,2023-11-17 00:00:00-05:00,803.3099975585938,808.1400146484375,799.6400146484375,802.4299926757812,354500,0.0,0.0,0.7394499724953318
2324,2023-11-20 00:00:00-05:00,795.27001953125,806.8699951171875,795.27001953125,801.6400146484375,340700,0.0,0.0,-0.09844821785754965
2325,2023-11-21 00:00:00-05:00,805.1500244140625,805.1500244140625,793.0,798.8300170898438,310700,0.0,0.0,-0.35053109965151874
2326,2023-11-22 00:00:00-05:00,802.6400146484375,807.4600219726562,798.0900268554688,799.72998046875,233100,0.0,0.0,0.11266018547786416
2327,2023-11-24 00:00:00-05:00,803.97998046875,803.97998046875,795.02001953125,798.2999877929688,171600,0.0,0.0,-0.1788094370231197
2328,2023-11-27 00:00:00-05:00,802.0,805.0,793.1799926757812,798.0800170898438,440100,0.0,0.0,-0.027554892457548608
2329,2023-11-28 00:00:00-05:00,796.22998046875,801.6300048828125,792.5700073242188,801.1400146484375,446700,0.0,0.0,0.38341989437999935
2330,2023-11-29 00:00:00-05:00,804.1699829101562,814.2999877929688,800.239990234375,808.5900268554688,627700,0.0,0.0,0.9299263637830624
2331,2023-11-30 00:00:00-05:00,811.780029296875,828.8599853515625,810.25,823.8099975585938,954600,0.0,0.0,1.8822852369715815
2332,2023-12-01 00:00:00-05:00,824.9400024414062,828.4199829101562,808.8900146484375,814.8599853515625,560200,0.0,0.0,-1.0864170419823904
2333,2023-12-04 00:00:00-05:00,804.5499877929688,824.6099853515625,802.5499877929688,823.3200073242188,508400,0.0,0.0,1.0382178686816124
2334,2023-12-05 00:00:00-05:00,817.8099975585938,823.6799926757812,809.239990234375,820.9000244140625,319400,0.0,0.0,-0.29392980719867845
2335,2023-12-06 00:00:00-05:00,825.5499877929688,842.0,824.219970703125,835.75,554100,0.0,0.0,1.8089871049202344
2336,2023-12-07 00:00:00-05:00,840.0,850.280029296875,831.1900024414062,849.1799926757812,567300,0.0,0.0,1.6069389979995519
2337,2023-12-08 00:00:00-05:00,844.3300170898438,848.02001953125,839.5499877929688,840.1400146484375,388100,0.0,0.0,-1.06455381724887
2338,2023-12-11 00:00:00-05:00,838.4400024414062,849.72998046875,838.4400024414062,848.4199829101562,458700,0.0,0.0,0.9855462324555031
2339,2023-12-12 00:00:00-05:00,848.8499755859375,866.7100219726562,846.7100219726562,863.760009765625,500500,0.0,0.0,1.8080699611589868
2340,2023-12-13 00:00:00-05:00,863.1300048828125,879.4600219726562,862.7899780273438,876.1199951171875,680000,0.0,0.0,1.4309513304414656
2341,2023-12-14 00:00:00-05:00,873.8099975585938,878.6900024414062,867.1099853515625,876.0,598100,0.0,0.0,-0.013696196623325108
2342,2023-12-15 00:00:00-05:00,876.1199951171875,887.9400024414062,854.02001953125,859.1400146484375,1791700,0.0,0.0,-1.9246558620505172
2343,2023-12-18 00:00:00-05:00,853.780029296875,857.9000244140625,848.5900268554688,850.8699951171875,627400,0.0,0.0,-0.9625927544108293
2344,2023-12-19 00:00:00-05:00,852.9600219726562,854.4400024414062,844.1799926757812,848.3900146484375,844200,0.0,0.0,-0.2914640876963137
2345,2023-12-20 00:00:00-05:00,850.0,850.0,841.2999877929688,841.7899780273438,515900,0.0,0.0,-0.7779484090025157
2346,2023-12-21 00:00:00-05:00,843.47998046875,847.2899780273438,838.4600219726562,841.8800048828125,332600,0.0,0.0,0.010694693191726223
2347,2023-12-22 00:00:00-05:00,846.27001953125,851.1599731445312,843.3900146484375,846.719970703125,742800,0.0,0.0,0.5748997235046849
2348,2023-12-26 00:00:00-05:00,848.530029296875,850.1400146484375,842.719970703125,849.530029296875,306200,0.0,0.0,0.3318757902233571
2349,2023-12-27 00:00:00-05:00,847.6599731445312,899.8599853515625,844.5599975585938,874.3699951171875,1273900,0.0,0.0,2.923965600235645
2350,2023-12-28 00:00:00-05:00,874.27001953125,895.489990234375,874.27001953125,881.7000122070312,637500,0.0,0.0,0.8383198337977404
2351,2023-12-29 00:00:00-05:00,877.9099731445312,883.3400268554688,875.6199951171875,878.2899780273438,534300,0.0,0.0,-0.3867567349978396
2352,2024-01-02 00:00:00-05:00,873.9099731445312,905.2899780273438,871.3900146484375,905.0,1000900,0.0,0.0,3.0411393322109292
2353,2024-01-03 00:00:00-05:00,906.7999877929688,923.5999755859376,901.0,917.5599975585938,758900,0.0,0.0,1.387845034098767
2354,2024-01-04 00:00:00-05:00,917.780029296875,924.8900146484376,909.2100219726562,912.1699829101562,557400,0.0,0.0,-0.5874291231940165
2355,2024-01-05 00:00:00-05:00,905.0,922.7100219726562,904.0,913.1699829101562,486100,0.0,0.0,0.10962868968891204
2356,2024-01-08 00:00:00-05:00,890.0,903.5999755859376,881.010009765625,902.8800048828124,723200,0.0,0.0,-1.1268414665308035
2357,2024-01-09 00:00:00-05:00,895.3699951171875,903.280029296875,888.8200073242188,902.6900024414062,499300,0.0,0.0,-0.021044041332030083
2358,2024-01-10 00:00:00-05:00,895.6500244140625,907.219970703125,894.6199951171875,906.1599731445312,382300,0.0,0.0,0.3844033603717989
2359,2024-01-11 00:00:00-05:00,902.9199829101562,916.9199829101562,899.0700073242188,915.969970703125,521300,0.0,0.0,1.0825900336947525
2360,2024-01-12 00:00:00-05:00,925.0,935.3699951171876,921.0,933.2000122070312,559900,0.0,0.0,1.8810705650841308
2361,2024-01-16 00:00:00-05:00,931.2100219726562,937.47998046875,929.1199951171876,937.3200073242188,761400,0.0,0.0,0.44149111265479046
2362,2024-01-17 00:00:00-05:00,939.760009765625,943.0,921.6799926757812,929.1300048828124,526700,0.0,0.0,-0.8737680170496365
2363,2024-01-18 00:00:00-05:00,923.969970703125,937.3900146484376,917.7000122070312,930.0,513600,0.0,0.0,0.09363545603042756
2364,2024-01-19 00:00:00-05:00,933.1799926757812,937.989990234375,928.6500244140624,933.4000244140624,710800,0.0,0.0,0.365594023017457
2365,2024-01-22 00:00:00-05:00,936.47998046875,943.9199829101562,922.0,942.8300170898438,530600,0.0,0.0,1.0102841685375896
2366,2024-01-23 00:00:00-05:00,943.3400268554688,955.3099975585938,941.7000122070312,954.5800170898438,568200,0.0,0.0,1.246247975458803
2367,2024-01-24 00:00:00-05:00,957.030029296875,957.030029296875,945.489990234375,948.239990234375,390500,0.0,0.0,-0.6641692411283762
2368,2024-01-25 00:00:00-05:00,957.5999755859376,957.75,945.0,948.8699951171876,394000,0.0,0.0,0.06643939185235759
2369,2024-01-26 00:00:00-05:00,952.0,958.1500244140624,939.0599975585938,940.0499877929688,460500,0.0,0.0,-0.9295274768520434
2370,2024-01-29 00:00:00-05:00,946.1199951171876,957.6699829101562,943.8400268554688,955.7999877929688,530000,0.0,0.0,1.6754428173524571
2371,2024-01-30 00:00:00-05:00,956.0,960.2100219726562,945.0999755859376,959.72998046875,374700,0.0,0.0,0.4111731247094852
2372,2024-01-31 00:00:00-05:00,961.0499877929688,965.6599731445312,941.1900024414062,942.780029296875,601900,0.0,0.0,-1.766116669982143
2373,2024-02-01 00:00:00-05:00,945.6099853515624,964.9299926757812,937.469970703125,957.780029296875,520500,0.0,0.0,1.591039217407575
2374,2024-02-02 00:00:00-05:00,971.22998046875,973.989990234375,939.3099975585938,945.1799926757812,752000,0.0,0.0,-1.3155459746162834
2375,2024-02-05 00:00:00-05:00,931.8699951171876,939.5,923.030029296875,936.3300170898438,703800,0.0,0.0,-0.9363270122639267
2376,2024-02-06 00:00:00-05:00,940.0,945.4600219726562,927.52001953125,937.8099975585938,460400,0.0,0.0,0.15806184163034143
2377,2024-02-07 00:00:00-05:00,940.0,954.2999877929688,933.4600219726562,938.489990234375,456400,0.0,0.0,0.072508576102992
2378,2024-02-08 00:00:00-05:00,934.7899780273438,947.239990234375,930.0399780273438,946.4299926757812,487600,0.0,0.0,0.8460401841284826
2379,2024-02-09 00:00:00-05:00,948.0,957.510009765625,945.8499755859376,953.4199829101562,613800,0.0,0.0,0.7385638967983832
2380,2024-02-12 00:00:00-05:00,952.3900146484376,954.530029296875,941.010009765625,947.0599975585938,604200,0.0,0.0,-0.6670706997507714
2381,2024-02-13 00:00:00-05:00,946.1699829101562,947.4600219726562,933.7999877929688,940.47998046875,523800,0.0,0.0,-0.6947835519192314
2382,2024-02-14 00:00:00-05:00,943.0999755859376,951.8300170898438,936.7000122070312,947.8200073242188,373500,0.0,0.0,0.7804554065903968
2383,2024-02-15 00:00:00-05:00,951.6699829101562,958.739990234375,948.9299926757812,954.72998046875,334300,0.0,0.0,0.7290385401378829
2384,2024-02-16 00:00:00-05:00,953.4400024414062,956.52001953125,944.1199951171876,948.0499877929688,367400,0.0,0.0,-0.6996735006165378
2385,2024-02-20 00:00:00-05:00,950.0,963.0,943.72998046875,946.8699951171876,417700,0.0,0.0,-0.12446523822315925
2386,2024-02-21 00:00:00-05:00,952.0,958.0,945.7000122070312,952.8400268554688,300500,0.0,0.0,0.6305017340360708
2387,2024-02-22 00:00:00-05:00,953.5700073242188,973.0,947.8499755859376,964.8900146484376,614700,0.0,0.0,1.264639126542133
2388,2024-02-23 00:00:00-05:00,975.0,985.6400146484376,969.1500244140624,981.2000122070312,439600,0.0,0.0,1.690347843897655
2389,2024-02-26 00:00:00-05:00,977.5499877929688,995.969970703125,975.0,989.280029296875,541200,0.0,0.0,0.8234831827681255
2390,2024-02-27 00:00:00-05:00,989.0,995.4099731445312,975.219970703125,993.3499755859376,464200,0.0,0.0,0.4114048771362899
2391,2024-02-28 00:00:00-05:00,995.0,998.3300170898438,987.6099853515624,987.6099853515624,486000,0.0,0.0,-0.577841684748559
2392,2024-02-29 00:00:00-05:00,989.9099731445312,990.2999877929688,965.1599731445312,966.0900268554688,792200,0.0,0.0,-2.1789936123856712
2393,2024-03-01 00:00:00-05:00,967.5,988.1300048828124,966.0900268554688,982.8200073242188,370500,0.0,0.0,1.7317206475264468
2394,2024-03-04 00:00:00-05:00,982.8200073242188,985.2100219726562,966.219970703125,971.1900024414062,455600,0.0,0.0,-1.1833300905702782
2395,2024-03-05 00:00:00-05:00,972.719970703125,977.6699829101562,953.2899780273438,965.2100219726562,397500,0.0,0.0,-0.6157374410483363
2396,2024-03-06 00:00:00-05:00,959.22998046875,974.1799926757812,955.5599975585938,972.0999755859376,366800,0.0,0.0,0.7138294730093975
2397,2024-03-07 00:00:00-05:00,971.1300048828124,979.25,969.8800048828124,973.3099975585938,380500,0.0,0.0,0.12447505432009454
2398,2024-03-08 00:00:00-05:00,973.3400268554688,976.0,962.8200073242188,968.8300170898438,354400,0.0,0.0,-0.4602830013035297
2399,2024-03-11 00:00:00-04:00,971.0900268554688,979.7999877929688,960.4400024414062,964.4400024414062,355600,0.0,0.0,-0.4531253750398978
2400,2024-03-12 00:00:00-04:00,964.4400024414062,975.9299926757812,963.0,970.5700073242188,359000,0.0,0.0,0.6356025120582753
2401,2024-03-13 00:00:00-04:00,979.8200073242188,979.8200073242188,963.8300170898438,965.469970703125,386200,0.0,0.0,-0.5254681870042632
2402,2024-03-14 00:00:00-04:00,966.2999877929688,969.1799926757812,950.969970703125,959.0399780273438,507300,0.0,0.0,-0.665996133582325
2403,2024-03-15 00:00:00-04:00,956.469970703125,968.510009765625,953.719970703125,964.469970703125,1090500,0.0,0.0,0.5661904404600682
2404,2024-03-18 00:00:00-04:00,970.0,970.7100219726562,959.489990234375,959.9199829101562,360200,0.0,0.0,-0.47176044160832653
2405,2024-03-19 00:00:00-04:00,965.1099853515624,969.1599731445312,959.1400146484376,963.6599731445312,365300,0.0,0.0,0.3896147909158598
2406,2024-03-20 00:00:00-04:00,959.0599975585938,967.2000122070312,947.3699951171876,966.9600219726562,579300,0.0,0.0,0.34244950709705346
2407,2024-03-21 00:00:00-04:00,974.75,979.260009765625,968.0,968.010009765625,435100,0.0,0.0,0.10858647401230659
2408,2024-03-22 00:00:00-04:00,973.0,977.3900146484376,966.469970703125,967.239990234375,274400,0.0,0.0,-0.07954664967115832
2409,2024-03-25 00:00:00-04:00,954.010009765625,964.97998046875,952.469970703125,961.0900268554688,322300,0.0,0.0,-0.6358260039905916
2410,2024-03-26 00:00:00-04:00,961.989990234375,966.6799926757812,957.780029296875,963.5499877929688,386800,0.0,0.0,0.25595530790685217
2411,2024-03-27 00:00:00-04:00,971.0399780273438,976.75,962.4099731445312,966.2999877929688,314800,0.0,0.0,0.2854029406713865
2412,2024-03-28 00:00:00-04:00,970.3800048828124,970.7899780273438,959.25,962.489990234375,461800,0.0,0.0,-0.3942872406834885
2413,2024-04-01 00:00:00-04:00,964.72998046875,970.2000122070312,954.0900268554688,969.3099975585938,360600,0.0,0.0,0.7085795585840771
2414,2024-04-02 00:00:00-04:00,961.4400024414062,961.4400024414062,951.02001953125,954.6799926757812,438100,0.0,0.0,-1.5093215709794827
2415,2024-04-03 00:00:00-04:00,955.0,961.6799926757812,950.4299926757812,950.9500122070312,413200,0.0,0.0,-0.39070479085830945
2416,2024-04-04 00:00:00-04:00,962.2000122070312,962.2000122070312,935.3599853515624,937.02001953125,410800,0.0,0.0,-1.4648501495311606
2417,2024-04-05 00:00:00-04:00,939.3099975585938,949.8300170898438,934.8699951171876,942.7000122070312,363500,0.0,0.0,0.6061762350203281
2418,2024-04-08 00:00:00-04:00,939.1599731445312,942.989990234375,935.510009765625,938.47998046875,330900,0.0,0.0,-0.44765372691588645
2419,2024-04-09 00:00:00-04:00,941.3900146484376,949.2000122070312,938.0,943.8900146484376,305700,0.0,0.0,0.5764677235827076
2420,2024-04-10 00:00:00-04:00,935.02001953125,937.8699951171876,923.4400024414062,936.2000122070312,389700,0.0,0.0,-0.8147138249227637
2421,2024-04-11 00:00:00-04:00,928.5800170898438,930.6400146484376,907.3300170898438,920.3200073242188,617100,0.0,0.0,-1.6962192561156275
2422,2024-04-12 00:00:00-04:00,911.5499877929688,912.219970703125,898.260009765625,904.7000122070312,665300,0.0,0.0,-1.6972352000258928
2423,2024-04-15 00:00:00-04:00,915.3699951171876,921.1199951171876,895.0900268554688,898.5599975585938,656200,0.0,0.0,-0.6786796248027915
2424,2024-04-16 00:00:00-04:00,897.219970703125,901.0700073242188,890.4299926757812,894.1400146484375,615700,0.0,0.0,-0.491896247570045
2425,2024-04-17 00:00:00-04:00,903.8800048828124,911.6400146484376,899.9000244140625,901.1900024414062,468700,0.0,0.0,0.7884657522838623
2426,2024-04-18 00:00:00-04:00,901.260009765625,908.8099975585938,891.6699829101562,893.989990234375,450600,0.0,0.0,-0.7989449713740493
2427,2024-04-19 00:00:00-04:00,913.969970703125,920.72998046875,891.4600219726562,896.8200073242188,507500,0.0,0.0,0.31656026585955566
2428,2024-04-22 00:00:00-04:00,904.5399780273438,908.6699829101562,897.4500122070312,900.1599731445312,351400,0.0,0.0,0.37242320566395204
2429,2024-04-23 00:00:00-04:00,905.6599731445312,912.739990234375,903.8300170898438,907.3200073242188,341200,0.0,0.0,0.7954179693944186
2430,2024-04-24 00:00:00-04:00,906.9000244140624,915.7000122070312,904.4099731445312,906.5399780273438,373600,0.0,0.0,-0.08597069287332726
2431,2024-04-25 00:00:00-04:00,911.0900268554688,915.0,876.75,890.6799926757812,576600,0.0,0.0,-1.7495075491402279
2432,2024-04-26 00:00:00-04:00,881.719970703125,887.47998046875,875.22998046875,883.2000122070312,505700,0.0,0.0,-0.8398056013674049
2433,2024-04-29 00:00:00-04:00,883.2000122070312,897.780029296875,883.2000122070312,892.47998046875,369900,0.0,0.0,1.0507210296033742
2434,2024-04-30 00:00:00-04:00,892.1099853515625,896.8499755859375,885.010009765625,890.6599731445312,636700,0.0,0.0,-0.2039269635227936
2435,2024-05-01 00:00:00-04:00,889.4099731445312,913.2100219726562,888.52001953125,903.47998046875,595200,0.0,0.0,1.439382897039465
2436,2024-05-02 00:00:00-04:00,900.0,943.77001953125,891.2999877929688,937.6099853515624,1067000,0.0,0.0,3.7776160646199264
2437,2024-05-03 00:00:00-04:00,926.9400024414062,958.1300048828124,926.9400024414062,957.0,547400,0.0,0.0,2.068025613140967
2438,2024-05-06 00:00:00-04:00,958.0,962.0999755859376,950.27001953125,958.6400146484376,352000,0.0,0.0,0.17137039168626522
2439,2024-05-07 00:00:00-04:00,967.8800048828124,970.5599975585938,957.0999755859376,969.969970703125,362300,0.0,0.0,1.1818780649212046
2440,2024-05-08 00:00:00-04:00,969.9000244140624,971.8599853515624,952.1400146484376,955.760009765625,424900,0.0,0.0,-1.4649897797556877
2441,2024-05-09 00:00:00-04:00,959.5900268554688,969.97998046875,956.760009765625,968.0,281900,0.0,0.0,1.2806551968392643
2442,2024-05-10 00:00:00-04:00,970.0,979.97998046875,966.8499755859376,973.7999877929688,351400,0.0,0.0,0.5991722926620646
2443,2024-05-13 00:00:00-04:00,980.0,982.5800170898438,970.989990234375,976.9600219726562,284300,0.0,0.0,0.32450546511604283
2444,2024-05-14 00:00:00-04:00,980.0,987.7999877929688,970.9500122070312,984.6400146484376,307900,0.0,0.0,0.7861112535878512
2445,2024-05-15 00:00:00-04:00,988.0,988.9600219726562,966.3400268554688,978.2100219726562,593300,0.0,0.0,-0.6530297956738207
2446,2024-05-16 00:00:00-04:00,978.27001953125,978.2999877929688,967.4099731445312,967.97998046875,407600,0.0,0.0,-1.0457919336459454
2447,2024-05-17 00:00:00-04:00,969.27001953125,982.77001953125,966.0,982.2899780273438,386600,0.0,0.0,1.4783361068752665
2448,2024-05-20 00:00:00-04:00,980.4199829101562,987.989990234375,978.2100219726562,987.27001953125,317900,0.0,0.0,0.5069828274037125
2449,2024-05-21 00:00:00-04:00,987.989990234375,995.9199829101562,982.969970703125,993.9500122070312,331600,0.0,0.0,0.6766125318940386
2450,2024-05-22 00:00:00-04:00,993.0,997.8699951171876,981.5700073242188,983.7999877929688,308700,0.0,0.0,-1.0211805713976174
2451,2024-05-23 00:00:00-04:00,985.4299926757812,991.7100219726562,975.72998046875,980.5700073242188,315700,0.0,0.0,-0.32831678276353804
2452,2024-05-24 00:00:00-04:00,984.0399780273438,995.4099731445312,983.1599731445312,985.02001953125,259300,0.0,0.0,0.4538189189749353
2453,2024-05-28 00:00:00-04:00,974.8599853515624,978.9299926757812,963.4099731445312,973.1599731445312,336800,0.0,0.0,-1.2040411516065164
2454,2024-05-29 00:00:00-04:00,970.0,971.239990234375,958.6400146484376,966.489990234375,346700,0.0,0.0,-0.6853942922255385
2455,2024-05-30 00:00:00-04:00,965.5800170898438,971.8599853515624,952.2999877929688,969.9099731445312,444000,0.0,0.0,0.35385600934438877
2456,2024-05-31 00:00:00-04:00,969.1400146484376,980.9199829101562,967.4299926757812,980.1599731445312,833200,0.0,0.0,1.0567991137124366
2457,2024-06-03 00:00:00-04:00,980.1599731445312,1001.0399780273438,979.260009765625,989.47998046875,533000,0.0,0.0,0.9508659381711304
2458,2024-06-04 00:00:00-04:00,989.7899780273438,1000.1500244140624,986.6400146484376,993.2899780273438,340400,0.0,0.0,0.38505049458290586
2459,2024-06-05 00:00:00-04:00,993.4400024414062,1015.0,989.77001953125,1005.8699951171876,385500,0.0,0.0,1.2664999514872433
2460,2024-06-06 00:00:00-04:00,1005.1900024414062,1016.0,997.72998046875,1000.7899780273438,439700,0.0,0.0,-0.5050371434185186
2461,2024-06-07 00:00:00-04:00,999.0,1007.4299926757812,994.4400024414062,1002.9500122070312,250100,0.0,0.0,0.21583291470854693
2462,2024-06-10 00:00:00-04:00,998.4500122070312,1002.9500122070312,992.219970703125,1001.72998046875,250900,0.0,0.0,-0.12164432159450511
2463,2024-06-11 00:00:00-04:00,998.0800170898438,1016.989990234375,997.8400268554688,1010.5399780273438,448200,0.0,0.0,0.8794782756198716
2464,2024-06-12 00:00:00-04:00,1014.8099975585938,1030.0,1009.1500244140624,1027.6700439453125,453700,0.0,0.0,1.695139854972183
2465,2024-06-13 00:00:00-04:00,1022.6799926757812,1030.8299560546875,1017.8699951171876,1026.550048828125,315400,0.0,0.0,-0.10898392181285521
2466,2024-06-14 00:00:00-04:00,1024.300048828125,1042.6600341796875,1017.9600219726562,1036.52001953125,353900,0.0,0.0,0.9712113612489137
2467,2024-06-17 00:00:00-04:00,1036.52001953125,1049.5,1026.010009765625,1045.3699951171875,446100,0.0,0.0,0.8538161751993734
2468,2024-06-18 00:00:00-04:00,1046.5,1052.3399658203125,1036.0,1039.1099853515625,379300,0.0,0.0,-0.5988319728770564
2469,2024-06-20 00:00:00-04:00,1038.43994140625,1046.2900390625,1028.0,1044.3900146484375,590500,0.0,0.0,0.5081299738534106
2470,2024-06-21 00:00:00-04:00,1047.7099609375,1059.800048828125,1041.25,1053.1400146484375,1291700,0.0,0.0,0.8378096187510398
2471,2024-06-24 00:00:00-04:00,1060.0,1068.0,1052.260009765625,1063.8900146484375,518400,0.0,0.0,1.0207569601833555
2472,2024-06-25 00:00:00-04:00,1068.1199951171875,1081.1700439453125,1066.0400390625,1071.18994140625,521700,0.0,0.0,0.6861542694547085
2473,2024-06-26 00:00:00-04:00,1067.0,1075.300048828125,1049.5899658203125,1069.1600341796875,533700,0.0,0.0,-0.18950021355668145
2474,2024-06-27 00:00:00-04:00,1071.219970703125,1073.050048828125,1047.010009765625,1050.8599853515625,507700,0.0,0.0,-1.711628590958858
2475,2024-06-28 00:00:00-04:00,1054.81005859375,1057.219970703125,1041.780029296875,1051.030029296875,750600,0.0,0.0,0.016181408340099068
2476,2024-07-01 00:00:00-04:00,1047.1099853515625,1069.68994140625,1045.0,1057.02001953125,383200,0.0,0.0,0.5699161838774724
2477,2024-07-02 00:00:00-04:00,1054.0,1058.1700439453125,1030.22998046875,1044.6600341796875,364300,0.0,0.0,-1.1693236762955306
2478,2024-07-03 00:00:00-04:00,1042.280029296875,1047.239990234375,1011.6699829101562,1024.0899658203125,378300,0.0,0.0,-1.9690681835576762
2479,2024-07-05 00:00:00-04:00,1027.469970703125,1040.050048828125,1025.800048828125,1034.22998046875,418300,0.0,0.0,0.9901488137631809
2480,2024-07-08 00:00:00-04:00,1039.510009765625,1054.5999755859375,1037.3199462890625,1052.25,366200,0.0,0.0,1.742360971114243
2481,2024-07-09 00:00:00-04:00,1055.8299560546875,1059.010009765625,1040.010009765625,1054.030029296875,268400,0.0,0.0,0.16916410519125513
2482,2024-07-10 00:00:00-04:00,1057.1700439453125,1072.3299560546875,1053.280029296875,1071.1199951171875,263900,0.0,0.0,1.62139268761754
2483,2024-07-11 00:00:00-04:00,1065.9300537109375,1091.4000244140625,1065.9300537109375,1080.27001953125,444400,0.0,0.0,0.8542483060510309
2484,2024-07-12 00:00:00-04:00,1092.0799560546875,1106.1600341796875,1084.93994140625,1100.050048828125,471500,0.0,0.0,1.8310264044407942
2485,2024-07-15 00:00:00-04:00,1097.2900390625,1100.030029296875,1079.280029296875,1082.1099853515625,434600,0.0,0.0,-1.6308406599930492
2486,2024-07-16 00:00:00-04:00,1087.8900146484375,1100.0799560546875,1079.0899658203125,1094.989990234375,282400,0.0,0.0,1.1902676305706628
2487,2024-07-17 00:00:00-04:00,1093.010009765625,1100.0,1076.77001953125,1085.6199951171875,464500,0.0,0.0,-0.8557151390198525
2488,2024-07-18 00:00:00-04:00,1091.4000244140625,1098.969970703125,1065.4300537109375,1067.260009765625,396100,0.0,0.0,-1.6911981571950174
2489,2024-07-19 00:00:00-04:00,1072.18994140625,1076.72998046875,1060.739990234375,1063.5999755859375,452200,0.0,0.0,-0.34293744225376566
2490,2024-07-22 00:00:00-04:00,1075.3499755859375,1078.7099609375,1064.949951171875,1069.739990234375,299500,0.0,0.0,0.5772860839955429
2491,2024-07-23 00:00:00-04:00,1077.800048828125,1077.800048828125,1055.3399658203125,1055.5699462890625,312000,0.0,0.0,-1.3246250560575823
2492,2024-07-24 00:00:00-04:00,1056.0,1066.4300537109375,1052.81005859375,1060.8599853515625,452500,0.0,0.0,0.5011547629882429
2493,2024-07-25 00:00:00-04:00,1070.75,1102.949951171875,1061.719970703125,1064.18994140625,528300,0.0,0.0,0.31389213474612987
2494,2024-07-26 00:00:00-04:00,1067.5400390625,1091.31005859375,1067.5400390625,1078.6300048828125,380900,0.0,0.0,1.3569065929603719
2495,2024-07-29 00:00:00-04:00,1073.6199951171875,1085.0,1073.4100341796875,1077.18994140625,301100,0.0,0.0,-0.13350856828046043
2496,2024-07-30 00:00:00-04:00,1082.6400146484375,1092.4599609375,1066.9200439453125,1077.800048828125,358000,0.0,0.0,0.05663879678252659
2497,2024-07-31 00:00:00-04:00,1082.199951171875,1090.8399658203125,1073.22998046875,1079.18994140625,522700,0.0,0.0,0.12895644044887966
2498,2024-08-01 00:00:00-04:00,1060.8599853515625,1101.199951171875,1041.8499755859375,1093.1400146484375,897700,0.0,0.0,1.2926430007316192
2499,2024-08-02 00:00:00-04:00,1099.77001953125,1115.0,1071.97998046875,1082.18994140625,646200,0.0,0.0,-1.0017082071329342
2500,2024-08-05 00:00:00-04:00,1082.0,1090.4200439453125,1050.010009765625,1071.280029296875,619500,0.0,0.0,-1.0081328325042604
2501,2024-08-06 00:00:00-04:00,1064.22998046875,1090.780029296875,1064.22998046875,1066.18994140625,445400,0.0,0.0,-0.4751407429825605
2502,2024-08-07 00:00:00-04:00,1074.3800048828125,1077.0899658203125,1061.4599609375,1067.800048828125,502500,0.0,0.0,0.15101506395298614
2503,2024-08-08 00:00:00-04:00,1074.6199951171875,1114.9000244140625,1069.030029296875,1113.3499755859375,631100,0.0,0.0,4.265773054403033
2504,2024-08-09 00:00:00-04:00,1113.0,1133.0,1111.1099853515625,1131.239990234375,416600,0.0,0.0,1.6068635236662576
2505,2024-08-12 00:00:00-04:00,1124.6099853515625,1129.989990234375,1109.989990234375,1121.0899658203125,501100,0.0,0.0,-0.8972476664266038
2506,2024-08-13 00:00:00-04:00,1125.56005859375,1160.4599609375,1122.510009765625,1158.3299560546875,572300,0.0,0.0,3.3217664388893287
2507,2024-08-14 00:00:00-04:00,1152.27001953125,1161.2099609375,1138.6700439453125,1156.8599853515625,443100,0.0,0.0,-0.12690431560035131
2508,2024-08-15 00:00:00-04:00,1167.31005859375,1177.949951171875,1155.31005859375,1175.3299560546875,569800,0.0,0.0,1.596560598257013
2509,2024-08-16 00:00:00-04:00,1175.0,1185.0899658203125,1166.719970703125,1179.31005859375,564400,0.0,0.0,0.3386370370770386
2510,2024-08-19 00:00:00-04:00,1180.02001953125,1197.68994140625,1178.1800537109375,1196.8800048828125,445900,0.0,0.0,1.4898496083390889
2511,2024-08-20 00:00:00-04:00,1196.8800048828125,1201.5899658203125,1185.8699951171875,1192.22998046875,372200,0.0,0.0,-0.3885121645521794
2512,2024-08-21 00:00:00-04:00,1194.7099609375,1203.489990234375,1184.030029296875,1185.3399658203125,342400,0.0,0.0,-0.5779098631397028
2513,2024-08-22 00:00:00-04:00,1189.699951171875,1191.8399658203125,1180.0,1187.6600341796875,310200,0.0,0.0,0.19573020620875514
2514,2024-08-23 00:00:00-04:00,1195.719970703125,1202.239990234375,1190.0,1199.1199951171875,352400,0.0,0.0,0.9649193041521675
2515,2024-08-26 00:00:00-04:00,1199.1199951171875,1206.81005859375,1195.6700439453125,1199.3699951171875,239700,0.0,0.0,0.02084862240794294
